$SPEC_ID:
No sample description was entered.
$SPEC_REM:
DET# 2
DETDESC# FP-COMPTON2 MCB 130
AP# Maestro Version 7.01
$DATE_MEA:
12/12/2024 17:23:30
$MEAS_TIM:
815 815
$DATA:
0 2047
       0
       0
       0
       0
       0
       0
       0
       0
       0
       0
       0
       0
       0
       0
       0
       0
       0
       0
       0
       0
       0
       0
       0
       0
       0
       0
       0
       0
       1
       0
       1
       0
       3
       0
       1
       1
       0
       0
       2
       0
       0
       0
       3
       3
       3
       0
       3
       4
       0
       2
       2
       3
       0
       0
       0
       1
       0
       1
       1
       2
       1
       4
       2
       3
       1
       1
       1
       1
       1
       2
       1
       0
       3
       1
       2
       1
       1
       3
       0
       2
       0
       2
       2
       0
       3
       2
       2
       1
       3
       0
       1
       1
       4
       1
       2
       1
       5
       0
       0
       1
       3
       1
       1
       3
       2
       2
       2
       1
       3
       0
       2
       3
       1
       2
       2
       1
       2
       2
       2
       4
       2
       5
       5
       4
       2
       4
       4
       1
       0
       3
       4
       2
       3
       4
       1
       3
       6
       3
       3
       0
       3
       4
       3
      12
       7
       6
       9
       5
       5
       4
       6
       6
       8
       1
       2
       4
       3
       7
       8
       3
       1
       2
       3
       1
       4
       4
       4
       3
       3
       6
       5
       3
       5
       4
       2
       1
       3
       1
       2
       3
       1
       4
       3
       0
       1
       1
       2
       3
       2
       2
       0
       2
       1
       3
       3
       4
       2
       1
       2
       2
       1
       2
       1
       2
       6
       2
       2
       3
       4
       4
       3
       4
       4
       4
       5
       6
       4
       1
       2
       4
       5
       6
       7
       3
       8
       6
       5
       3
       3
       3
       3
       5
       2
       1
       7
       6
       2
       6
       4
       5
       4
       2
       5
       2
       5
       3
       4
       4
       3
       4
       2
       2
       2
       4
       4
       2
       4
       5
       0
       6
       3
       2
       5
       6
       2
       9
       5
       5
       3
       8
       4
       4
       9
       3
       4
       2
       2
       5
       4
       3
       4
       8
       4
       6
       4
       0
       3
       3
       0
       6
       5
       4
       6
       5
       6
       5
       2
       6
       1
       6
       8
       1
       3
       8
       5
       3
       2
       4
       4
       5
       8
       5
       5
       7
       9
       1
       4
       7
       4
       4
       2
       6
       8
      10
       4
       3
       6
       8
       6
       6
       8
       6
       1
       6
      11
       5
       8
      10
       2
       8
       3
       8
       3
       9
      11
       6
       4
      10
       9
       8
       4
       6
       6
      12
       9
      12
       6
       4
      12
      14
      12
       6
       7
      14
       7
      14
       6
      12
      13
      12
       7
      10
       5
      10
       9
      10
       8
      13
      10
      13
      17
      11
       9
       5
       6
      16
       5
      13
       4
      15
      11
      12
       8
      10
      14
      14
       9
       8
       6
      12
      12
       8
      10
       9
      10
       9
       7
       5
       5
       5
       9
      11
       4
       6
      10
       4
      13
       4
       3
       8
       3
       4
       6
       8
       3
      10
       7
       4
       4
       3
       5
       8
       6
       6
       1
       4
       7
       6
       2
       4
       7
       4
       2
       4
       3
       5
       4
       2
       2
       2
       7
       3
       9
       1
       2
       3
       6
       4
       4
       3
       6
       3
       2
       2
       2
       6
       2
       3
       4
       2
       4
       1
       3
       3
       4
       2
       0
       0
       5
       6
       6
       2
       2
       2
       1
       4
       1
       1
       0
       3
       2
       5
       2
       0
       4
       2
       3
       1
       3
       2
       6
       0
       2
       2
       2
       3
       3
       3
       3
       0
       1
       3
       1
       3
       2
       4
       2
       2
       4
       1
       2
       0
       3
       0
       3
       2
       2
       4
       1
       2
       2
       2
       1
       2
       1
       1
       6
       0
       1
       1
       3
       2
       1
       0
       3
       2
       0
       1
       1
       2
       3
       3
       2
       2
       0
       4
       3
       2
       4
       1
       5
       1
       2
       0
       0
       1
       3
       1
       2
       1
       1
       2
       3
       0
       2
       2
       0
       3
       2
       0
       0
       0
       4
       0
       1
       1
       1
       3
       1
       1
       2
       2
       1
       0
       2
       0
       1
       0
       1
       1
       0
       1
       0
       2
       2
       0
       2
       0
       0
       0
       1
       1
       2
       1
       3
       0
       2
       0
       2
       1
       1
       1
       1
       0
       0
       1
       1
       0
       0
       0
       0
       1
       1
       0
       1
       2
       1
       1
       0
       0
       0
       1
       0
       2
       0
       0
       0
       1
       2
       1
       0
       1
       0
       0
       0
       0
       0
       0
       0
       1
       0
       0
       0
       2
       0
       0
       0
       1
       1
       1
       1
       0
       0
       2
       0
       1
       1
       1
       1
       1
       1
       0
       1
       0
       0
       0
       2
       0
       0
       1
       1
       1
       1
       0
       2
       1
       1
       1
       1
       0
       0
       0
       0
       0
       0
       0
       0
       0
       1
       0
       0
       0
       0
       0
       0
       1
       1
       2
       0
       1
       0
       0
       1
       0
       0
       1
       1
       0
       0
       0
       0
       1
       0
       0
       0
       0
       1
       1
       0
       0
       1
       0
       1
       1
       0
       0
       0
       1
       0
       0
       0
       1
       0
       0
       0
       1
       0
       0
       0
       0
       1
       0
       0
       1
       0
       1
       1
       0
       0
       0
       1
       0
       0
       1
       0
       2
       0
       0
       0
       1
       0
       1
       1
       0
       0
       1
       0
       1
       0
       0
       1
       0
       0
       0
       0
       0
       1
       0
       0
       0
       0
       0
       0
       0
       1
       1
       0
       0
       0
       0
       1
       0
       0
       0
       1
       2
       1
       0
       0
       0
       0
       0
       0
       0
       0
       0
       0
       0
       0
       0
       1
       1
       0
       0
       0
       0
       1
       0
       0
       0
       1
       0
       0
       0
       0
       0
       0
       0
       0
       0
       0
       0
       0
       0
       0
       0
       2
       0
       0
       0
       1
       0
       0
       1
       1
       0
       0
       0
       0
       0
       1
       1
       0
       0
       0
       0
       0
       0
       0
       0
       0
       0
       0
       0
       0
       0
       0
       0
       0
       0
       0
       0
       0
       0
       0
       0
       0
       0
       1
       1
       0
       0
       0
       0
       0
       0
       0
       0
       0
       0
       0
       0
       1
       0
       0
       0
       0
       0
       0
       0
       0
       0
       0
       0
       0
       0
       0
       0
       0
       0
       0
       0
       0
       0
       0
       1
       0
       0
       0
       0
       0
       0
       0
       0
       0
       0
       0
       0
       0
       0
       0
       1
       1
       0
       0
       0
       0
       0
       1
       1
       0
       0
       1
       1
       0
       0
       0
       0
       0
       0
       0
       0
       0
       0
       1
       1
       0
       0
       1
       0
       1
       0
       0
       1
       0
       0
       1
       2
       0
       1
       0
       0
       0
       1
       1
       0
       0
       1
       1
       0
       1
       0
       0
       0
       0
       0
       0
       0
       0
       0
       0
       1
       0
       0
       0
       1
       2
       0
       0
       1
       0
       0
       0
       0
       0
       0
       0
       0
       0
       0
       0
       0
       0
       0
       0
       0
       0
       1
       0
       0
       0
       1
       0
       0
       0
       1
       0
       0
       0
       0
       0
       0
       0
       0
       0
       0
       0
       0
       1
       0
       0
       1
       1
       1
       0
       0
       0
       0
       0
       0
       0
       0
       0
       0
       0
       1
       0
       1
       0
       0
       0
       0
       0
       0
       0
       0
       0
       1
       0
       0
       0
       2
       0
       0
       0
       1
       0
       0
       0
       0
       0
       0
       0
       0
       0
       0
       0
       0
       2
       0
       0
       0
       0
       0
       0
       0
       0
       1
       1
       0
       0
       0
       0
       0
       1
       0
       0
       0
       0
       0
       0
       0
       0
       0
       0
       0
       1
       0
       0
       2
       0
       0
       1
       0
       0
       1
       0
       0
       0
       0
       0
       0
       0
       0
       0
       0
       0
       0
       0
       0
       1
       0
       1
       0
       0
       1
       0
       1
       0
       0
       0
       0
       0
       1
       1
       0
       0
       1
       0
       0
       0
       0
       0
       0
       1
       0
       0
       0
       0
       0
       0
       1
       0
       0
       0
       1
       1
       0
       0
       0
       0
       0
       0
       1
       0
       0
       0
       0
       1
       0
       0
       0
       0
       0
       0
       0
       0
       1
       0
       0
       0
       0
       0
       0
       2
       0
       0
       0
       0
       0
       1
       1
       0
       1
       0
       0
       0
       0
       0
       0
       0
       0
       0
       0
       0
       2
       0
       0
       0
       1
       0
       0
       0
       0
       0
       1
       0
       0
       0
       0
       0
       0
       0
       0
       0
       1
       1
       0
       1
       1
       1
       1
       0
       0
       0
       0
       1
       0
       0
       0
       0
       0
       0
       0
       0
       0
       1
       0
       0
       0
       0
       0
       0
       0
       0
       0
       0
       0
       0
       0
       0
       0
       0
       0
       1
       0
       1
       1
       0
       1
       0
       0
       1
       0
       0
       0
       0
       0
       0
       0
       0
       0
       0
       0
       1
       0
       0
       0
       0
       0
       0
       1
       0
       0
       0
       0
       0
       0
       0
       0
       0
       0
       0
       0
       1
       0
       0
       1
       0
       1
       0
       0
       0
       0
       0
       0
       0
       0
       0
       0
       0
       0
       0
       0
       0
       0
       0
       0
       0
       0
       0
       1
       0
       0
       0
       0
       0
       0
       0
       0
       0
       1
       0
       0
       0
       0
       0
       0
       0
       0
       0
       0
       0
       0
       0
       0
       0
       0
       1
       0
       0
       0
       0
       0
       0
       0
       0
       0
       0
       0
       0
       0
       1
       0
       0
       0
       0
       0
       0
       0
       0
       0
       0
       0
       0
       0
       0
       0
       0
       0
       0
       0
       0
       0
       0
       0
       0
       0
       0
       0
       0
       0
       0
       0
       0
       0
       1
       0
       0
       0
       0
       0
       0
       1
       0
       0
       1
       0
       0
       0
       0
       0
       0
       0
       0
       0
       0
       0
       0
       0
       0
       0
       0
       1
       0
       1
       0
       0
       1
       0
       1
       0
       0
       0
       0
       0
       0
       0
       0
       0
       0
       0
       0
       0
       0
       0
       0
       0
       1
       0
       0
       0
       0
       0
       0
       0
       0
       0
       0
       0
       0
       0
       0
       0
       0
       0
       0
       0
       1
       0
       0
       1
       0
       0
       0
       0
       0
       0
       0
       0
       0
       0
       0
       0
       0
       0
       0
       0
       0
       0
       0
       0
       0
       0
       0
       1
       0
       0
       0
       0
       0
       0
       0
       0
       0
       0
       0
       0
       0
       0
       0
       0
       0
       0
       0
       0
       0
       0
       0
       0
       0
       0
       0
       1
       0
       0
       1
       0
       0
       1
       0
       0
       1
       0
       0
       0
       0
       0
       0
       0
       0
       0
       0
       0
       0
       0
       0
       1
       0
       0
       1
       0
       0
       1
       0
       0
       0
       0
       0
       0
       0
       0
       0
       0
       0
       0
       0
       0
       0
       0
       0
       0
       1
       0
       0
       0
       0
       0
       0
       0
       0
       0
       0
       0
       0
       0
       0
       0
       0
       0
       0
       0
       0
       0
       0
       0
       0
       0
       0
       0
       0
       0
       0
       0
       0
       1
       0
       1
       0
       0
       0
       0
       0
       0
       1
       0
       0
       0
       0
       0
       0
       0
       0
       0
       0
       0
       0
       0
       0
       0
       0
       0
       0
       0
       0
       0
       0
       1
       0
       0
       1
       0
       0
       0
       0
       0
       0
       0
       0
       0
       0
       0
       0
       0
       0
       0
       0
       0
       0
       0
       0
       0
       0
       0
       0
       0
       0
       0
       0
       0
       0
       0
       0
       0
       0
       0
       0
       0
       0
       0
       0
       0
       0
       0
       0
       0
       0
       0
       0
       0
       0
       0
       0
       0
       0
       0
       0
       0
       0
       0
       0
       0
       0
       0
       0
       0
       0
       0
       0
       0
       0
       0
       0
       0
       0
       0
       0
       0
       0
       0
       0
       0
       0
       0
       0
       0
       0
       0
       0
       0
       0
       0
       0
       0
       0
       0
       0
       0
       0
       0
       1
       0
       0
       0
       0
       0
       0
       0
       0
       0
       0
       0
       0
       0
       0
       0
       0
       0
       0
       0
       0
       0
       0
       0
       0
       0
       0
       0
       0
       0
       0
       0
       0
       0
       0
       0
       0
       0
       0
       0
       0
       0
       0
       0
       0
       0
       0
       0
       0
       0
       1
       0
       0
       0
       0
       0
       0
       0
       0
       0
       0
       0
       0
       0
       0
       0
       0
       0
       0
       0
       0
       0
       0
       0
       0
       0
       0
       0
       0
       0
       0
       0
       0
       0
       0
       0
       0
       0
       0
       0
       0
       0
       0
       0
       0
       0
       0
       0
       0
       0
       0
       0
       0
       0
       0
       0
       0
       0
       0
       0
       0
       0
       0
       0
       0
       0
       0
       0
       0
       0
       0
       0
       0
       0
       0
       0
       0
       0
       0
       0
       0
       0
       0
       0
       0
       0
       0
       0
       0
       0
       0
       0
       0
       0
       0
       0
       0
       0
       0
       0
       0
       0
       0
       0
       0
       0
       0
       0
       0
       0
       0
       0
       0
       0
       0
       0
       0
       0
       0
       0
       0
       0
       0
       0
       0
       0
       0
       0
       0
       0
       0
       0
       0
       0
       0
       0
       0
       0
       0
       0
       0
       0
       0
       0
       0
       0
       0
       0
       0
       0
       0
       0
       0
       0
       0
       0
       0
       0
       0
       0
       0
       0
       0
       0
       0
       0
       0
       0
       0
       0
       0
       0
       0
       0
       0
       0
       0
       0
       0
       0
       0
       0
       0
       0
       0
       0
       0
       0
       0
       0
       0
       0
       0
       0
       0
       0
       0
       0
       0
       0
       0
       0
       0
       0
       0
       0
       0
       0
$ROI:
0
$PRESETS:
None
0
0
$ENER_FIT:
0.000000 0.000000
$MCA_CAL:
3
0.000000E+000 0.000000E+000 0.000000E+000 
$SHAPE_CAL:
3
0.000000E+000 0.000000E+000 0.000000E+000
