# Time (s), Amplitude
2.520000e-02 4.920000e-01
2.560000e-02 4.880000e-01
2.580000e-02 4.880000e-01
2.600000e-02 4.800000e-01
2.620000e-02 4.800000e-01
2.640000e-02 4.680000e-01
2.660000e-02 4.720000e-01
2.680000e-02 4.600000e-01
2.700000e-02 4.560000e-01
2.720000e-02 4.520000e-01
2.740000e-02 4.480000e-01
2.760000e-02 4.440000e-01
2.780000e-02 4.440000e-01
2.800000e-02 4.280000e-01
2.820000e-02 4.320000e-01
2.840000e-02 4.240000e-01
2.860000e-02 4.240000e-01
2.880000e-02 4.120000e-01
2.900000e-02 4.160000e-01
2.920000e-02 4.040000e-01
2.940000e-02 4.080000e-01
2.960000e-02 3.960000e-01
2.980000e-02 4.000000e-01
3.000000e-02 3.880000e-01
3.020000e-02 3.880000e-01
3.040000e-02 3.800000e-01
3.060000e-02 3.840000e-01
3.080000e-02 3.720000e-01
3.100000e-02 3.720000e-01
3.120000e-02 3.640000e-01
3.140000e-02 3.640000e-01
3.160000e-02 3.600000e-01
3.180000e-02 3.560000e-01
3.200000e-02 3.520000e-01
3.220000e-02 3.520000e-01
3.240000e-02 3.440000e-01
3.260000e-02 3.400000e-01
3.280000e-02 3.360000e-01
3.300000e-02 3.360000e-01
3.320000e-02 3.320000e-01
3.340000e-02 3.280000e-01
3.360000e-02 3.240000e-01
3.380000e-02 3.200000e-01
3.400000e-02 3.200000e-01
3.420000e-02 3.120000e-01
3.440000e-02 3.080000e-01
3.460000e-02 3.040000e-01
3.480000e-02 3.000000e-01
3.500000e-02 3.000000e-01
3.520000e-02 3.000000e-01
3.540000e-02 2.920000e-01
3.560000e-02 2.880000e-01
3.580000e-02 2.920000e-01
3.600000e-02 2.880000e-01
3.620000e-02 2.800000e-01
3.640000e-02 2.800000e-01
3.660000e-02 2.720000e-01
3.680000e-02 2.720000e-01
3.700000e-02 2.720000e-01
3.720000e-02 2.680000e-01
3.740000e-02 2.680000e-01
3.760000e-02 2.640000e-01
3.780000e-02 2.600000e-01
3.800000e-02 2.560000e-01
3.820000e-02 2.560000e-01
3.840000e-02 2.560000e-01
3.860000e-02 2.520000e-01
3.880000e-02 2.480000e-01
3.900000e-02 2.480000e-01
3.920000e-02 2.440000e-01
3.940000e-02 2.440000e-01
3.960000e-02 2.360000e-01
3.980000e-02 2.320000e-01
4.000000e-02 2.320000e-01
4.020000e-02 2.280000e-01
4.040000e-02 2.280000e-01
4.060000e-02 2.240000e-01
4.080000e-02 2.240000e-01
4.100000e-02 2.240000e-01
4.120000e-02 2.200000e-01
4.140000e-02 2.200000e-01
4.160000e-02 2.160000e-01
4.180000e-02 2.160000e-01
4.200000e-02 2.080000e-01
4.220000e-02 2.120000e-01
4.240000e-02 2.040000e-01
4.260000e-02 2.000000e-01
4.280000e-02 2.000000e-01
4.300000e-02 2.000000e-01
4.320000e-02 1.960000e-01
4.340000e-02 1.920000e-01
4.360000e-02 1.920000e-01
4.380000e-02 1.920000e-01
4.400000e-02 1.920000e-01
4.420000e-02 1.880000e-01
4.440000e-02 1.840000e-01
4.460000e-02 1.840000e-01
4.480000e-02 1.840000e-01
4.500000e-02 1.800000e-01
