$SPEC_ID:
No sample description was entered.
$SPEC_REM:
DET# 2
DETDESC# FP-COMPTON2 MCB 130
AP# Maestro Version 7.01
$DATE_MEA:
12/12/2024 11:43:25
$MEAS_TIM:
432 439
$DATA:
0 2047
       0
       0
       0
       0
       0
       0
       0
       0
       0
       0
       0
       0
       0
       1
       2
       4
       0
       3
       4
       7
      20
      45
      56
      84
      88
     122
     136
     157
     194
     173
     221
     222
     199
     221
     227
     218
     223
     271
     264
     239
     261
     272
     278
     247
     275
     300
     294
     304
     315
     326
     285
     297
     319
     268
     268
     274
     282
     208
     270
     250
     273
     260
     279
     270
     252
     274
     255
     279
     257
     244
     279
     300
     292
     266
     294
     297
     281
     304
     300
     291
     290
     294
     273
     303
     300
     322
     297
     320
     281
     291
     337
     362
     315
     333
     366
     351
     354
     342
     337
     338
     360
     375
     354
     342
     364
     386
     366
     403
     372
     374
     394
     390
     397
     420
     438
     398
     461
     456
     455
     453
     437
     479
     452
     456
     443
     455
     474
     475
     498
     530
     521
     517
     504
     520
     519
     587
     504
     549
     593
     544
     547
     592
     599
     553
     587
     607
     544
     559
     580
     608
     594
     590
     610
     596
     577
     610
     588
     582
     599
     555
     575
     568
     571
     576
     525
     560
     555
     529
     568
     552
     576
     575
     556
     525
     498
     540
     554
     554
     510
     577
     499
     529
     539
     544
     512
     583
     549
     527
     556
     560
     564
     507
     531
     541
     540
     534
     493
     523
     557
     507
     584
     572
     542
     562
     545
     559
     498
     535
     567
     563
     534
     536
     546
     525
     547
     558
     515
     542
     520
     585
     549
     578
     546
     547
     507
     553
     595
     548
     554
     546
     598
     561
     575
     614
     536
     592
     528
     538
     545
     542
     567
     580
     601
     557
     597
     597
     550
     590
     612
     605
     576
     591
     592
     592
     541
     583
     567
     559
     562
     572
     552
     571
     573
     577
     631
     591
     606
     512
     555
     596
     561
     579
     579
     592
     639
     572
     562
     605
     629
     569
     629
     591
     594
     647
     609
     629
     629
     609
     604
     658
     641
     642
     641
     659
     680
     599
     679
     642
     645
     677
     682
     638
     675
     746
     691
     658
     647
     672
     686
     730
     706
     730
     691
     684
     733
     680
     709
     725
     730
     729
     743
     718
     813
     709
     748
     723
     745
     744
     712
     785
     756
     802
     815
     774
     748
     778
     786
     770
     769
     821
     795
     816
     791
     855
     794
     799
     768
     811
     839
     771
     788
     810
     788
     802
     810
     829
     797
     794
     792
     776
     841
     806
     808
     821
     780
     808
     791
     793
     824
     781
     851
     801
     773
     799
     786
     783
     816
     849
     781
     830
     799
     775
     797
     797
     805
     805
     779
     783
     784
     778
     799
     771
     764
     780
     794
     833
     753
     743
     790
     744
     716
     727
     724
     758
     807
     722
     708
     754
     768
     726
     744
     730
     740
     788
     743
     721
     720
     710
     705
     706
     751
     782
     700
     712
     752
     707
     703
     709
     668
     773
     693
     753
     647
     720
     690
     729
     708
     720
     696
     680
     657
     710
     678
     689
     650
     694
     669
     695
     686
     697
     673
     690
     663
     699
     615
     688
     729
     662
     668
     650
     670
     646
     677
     620
     653
     649
     686
     571
     634
     645
     659
     626
     664
     644
     640
     627
     635
     655
     635
     624
     582
     595
     606
     587
     600
     599
     613
     570
     621
     616
     611
     617
     574
     604
     621
     581
     620
     571
     583
     569
     605
     616
     577
     585
     587
     612
     550
     595
     600
     555
     627
     580
     606
     570
     595
     575
     611
     576
     548
     603
     556
     611
     584
     520
     546
     591
     566
     570
     562
     594
     563
     548
     585
     566
     514
     528
     573
     601
     554
     560
     574
     543
     583
     531
     597
     537
     571
     548
     511
     568
     510
     555
     526
     527
     577
     558
     546
     548
     513
     535
     528
     555
     540
     554
     494
     522
     529
     548
     568
     501
     534
     529
     555
     525
     551
     506
     549
     535
     574
     526
     536
     561
     524
     487
     520
     517
     534
     546
     499
     501
     541
     564
     514
     506
     517
     537
     551
     505
     533
     521
     497
     514
     529
     525
     515
     511
     518
     529
     487
     495
     498
     520
     477
     516
     527
     470
     483
     514
     505
     490
     527
     518
     491
     544
     463
     545
     514
     538
     485
     498
     515
     477
     487
     491
     538
     499
     464
     512
     506
     481
     493
     481
     483
     507
     516
     525
     478
     517
     486
     505
     502
     500
     505
     474
     477
     497
     511
     496
     485
     482
     519
     441
     496
     514
     532
     485
     514
     513
     489
     492
     513
     509
     522
     487
     498
     513
     463
     486
     497
     484
     463
     516
     518
     477
     454
     504
     481
     476
     508
     510
     441
     497
     503
     482
     504
     480
     513
     493
     498
     511
     535
     472
     500
     449
     478
     521
     478
     472
     517
     521
     469
     472
     496
     465
     465
     448
     468
     505
     510
     479
     506
     513
     476
     488
     488
     521
     496
     471
     525
     483
     448
     510
     486
     478
     485
     514
     520
     419
     505
     521
     483
     454
     505
     435
     463
     438
     475
     462
     495
     478
     505
     493
     481
     469
     469
     485
     508
     472
     480
     476
     500
     449
     442
     524
     518
     518
     501
     467
     480
     479
     473
     491
     465
     489
     499
     497
     497
     460
     499
     463
     490
     462
     521
     479
     488
     495
     467
     511
     466
     471
     461
     485
     464
     495
     481
     488
     434
     491
     464
     469
     456
     438
     512
     467
     467
     476
     468
     477
     460
     497
     471
     491
     478
     472
     473
     475
     516
     496
     489
     516
     488
     469
     469
     472
     486
     454
     460
     479
     488
     492
     532
     516
     523
     442
     476
     486
     514
     517
     453
     518
     476
     507
     468
     492
     497
     437
     505
     470
     454
     477
     458
     477
     471
     513
     489
     466
     474
     445
     490
     490
     470
     504
     469
     490
     486
     452
     461
     478
     494
     476
     487
     437
     501
     506
     498
     488
     489
     461
     500
     484
     448
     502
     476
     490
     495
     476
     511
     481
     485
     513
     507
     490
     521
     477
     501
     531
     473
     465
     523
     482
     502
     540
     457
     466
     492
     501
     485
     483
     475
     485
     489
     491
     500
     492
     502
     492
     499
     505
     505
     515
     482
     497
     465
     463
     536
     487
     520
     443
     476
     472
     498
     490
     501
     529
     492
     530
     470
     534
     452
     527
     508
     528
     508
     495
     480
     526
     511
     489
     522
     501
     530
     480
     527
     496
     537
     519
     492
     533
     471
     530
     532
     554
     554
     496
     509
     461
     504
     518
     485
     508
     480
     478
     530
     513
     535
     547
     513
     546
     511
     494
     522
     502
     515
     504
     562
     526
     520
     500
     532
     562
     506
     489
     520
     512
     551
     563
     567
     542
     540
     534
     548
     543
     526
     560
     514
     520
     517
     501
     543
     515
     523
     512
     566
     556
     517
     545
     519
     585
     563
     538
     530
     580
     551
     520
     512
     567
     530
     544
     569
     563
     566
     504
     534
     559
     515
     563
     581
     533
     552
     519
     525
     552
     580
     575
     565
     594
     554
     613
     586
     561
     584
     546
     543
     591
     573
     524
     535
     521
     546
     545
     615
     559
     600
     584
     575
     567
     553
     571
     547
     550
     501
     560
     549
     554
     550
     553
     563
     566
     555
     528
     558
     568
     620
     581
     582
     539
     595
     559
     579
     546
     559
     522
     543
     540
     566
     582
     576
     600
     592
     553
     530
     560
     541
     503
     545
     513
     572
     600
     609
     562
     571
     570
     523
     543
     555
     592
     580
     529
     546
     612
     617
     520
     574
     569
     553
     539
     557
     562
     571
     581
     558
     536
     565
     547
     533
     544
     539
     555
     527
     524
     592
     564
     522
     533
     538
     545
     537
     488
     550
     522
     526
     542
     573
     549
     555
     583
     542
     617
     538
     511
     517
     534
     586
     543
     531
     523
     496
     505
     498
     515
     502
     517
     504
     542
     510
     547
     489
     575
     516
     514
     521
     533
     536
     524
     519
     502
     500
     461
     470
     505
     466
     528
     532
     546
     519
     458
     496
     530
     484
     473
     507
     504
     495
     487
     481
     499
     510
     490
     490
     503
     482
     512
     565
     470
     455
     531
     482
     515
     538
     480
     452
     479
     466
     485
     465
     491
     493
     473
     510
     499
     452
     477
     429
     477
     470
     467
     473
     497
     494
     468
     487
     443
     452
     499
     489
     479
     452
     519
     482
     486
     484
     460
     455
     484
     447
     445
     490
     488
     477
     445
     460
     470
     468
     484
     456
     448
     481
     474
     492
     457
     477
     469
     467
     520
     482
     484
     522
     467
     453
     468
     511
     486
     472
     505
     515
     475
     479
     526
     548
     518
     490
     522
     542
     519
     488
     492
     497
     519
     518
     543
     536
     531
     535
     562
     542
     582
     534
     562
     559
     526
     583
     560
     526
     524
     527
     542
     564
     514
     574
     549
     621
     570
     537
     588
     582
     584
     555
     564
     558
     551
     642
     596
     589
     609
     569
     635
     603
     616
     637
     616
     618
     623
     649
     594
     617
     576
     604
     609
     624
     651
     563
     615
     630
     678
     595
     632
     691
     669
     661
     656
     666
     636
     687
     689
     695
     673
     675
     626
     724
     728
     662
     749
     703
     750
     721
     784
     703
     746
     713
     715
     753
     748
     730
     754
     744
     718
     755
     785
     738
     769
     786
     730
     811
     789
     804
     769
     803
     783
     798
     820
     772
     849
     814
     844
     775
     891
     830
     817
     794
     804
     829
     861
     822
     841
     837
     822
     846
     893
     874
     856
     907
     877
     891
     887
     881
     868
     875
     881
     884
     870
     868
     856
     917
     859
     875
     938
     942
     900
     893
     958
     861
     887
     920
     973
     855
     910
     911
     835
     926
     959
     895
     910
     924
     913
     940
     929
     872
     911
     960
     894
     962
     855
     866
     905
     893
     949
     931
     984
     911
     901
     882
     949
     916
     929
     924
     894
     952
     882
     904
     928
     907
     917
     912
     930
     920
     903
     841
     924
     839
     881
     892
     860
     877
     861
     902
     883
     899
     848
     873
     858
     824
     845
     849
     792
     831
     810
     841
     858
     860
     861
     833
     864
     852
     827
     823
     863
     848
     832
     842
     848
     786
     779
     782
     822
     807
     813
     752
     843
     729
     802
     795
     794
     791
     808
     799
     778
     749
     753
     783
     758
     797
     742
     797
     738
     752
     798
     691
     758
     723
     780
     744
     766
     758
     779
     772
     775
     751
     773
     714
     749
     716
     752
     750
     728
     725
     768
     798
     774
     797
     729
     726
     718
     740
     722
     717
     716
     724
     725
     717
     724
     775
     734
     724
     684
     684
     707
     748
     709
     728
     708
     725
     737
     690
     732
     733
     729
     747
     743
     726
     694
     734
     756
     714
     715
     664
     711
     689
     736
     732
     765
     682
     707
     732
     757
     746
     718
     685
     691
     717
     703
     727
     692
     672
     629
     626
     728
     692
     686
     663
     670
     723
     718
     709
     700
     655
     729
     654
     713
     671
     629
     696
     671
     666
     686
     631
     681
     659
     662
     631
     658
     619
     639
     697
     639
     598
     655
     607
     636
     598
     669
     621
     597
     620
     583
     610
     609
     587
     626
     551
     583
     571
     597
     547
     542
     554
     541
     554
     522
     558
     589
     542
     515
     556
     467
     546
     542
     553
     541
     498
     524
     489
     457
     514
     478
     446
     501
     523
     532
     482
     493
     464
     476
     474
     453
     401
     436
     459
     436
     450
     464
     414
     438
     396
     413
     400
     381
     407
     424
     414
     420
     365
     378
     368
     411
     377
     362
     363
     365
     337
     357
     363
     373
     395
     363
     353
     347
     294
     339
     317
     326
     313
     353
     334
     335
     329
     343
     280
     319
     266
     306
     309
     314
     293
     298
     283
     283
     281
     280
     288
     285
     218
     266
     243
     249
     238
     229
     262
     241
     247
     246
     223
     230
     239
     229
     236
     244
     235
     228
     196
     223
     214
     221
     241
     213
     205
     212
     204
     217
     198
     200
     226
     190
     180
     193
     186
     191
     182
     169
     151
     158
     162
     149
     133
     148
     133
     165
     122
     154
     142
     127
     141
     120
     121
     142
     115
     124
     116
     114
      91
     108
     106
     117
     114
      95
      96
      98
     111
      96
      85
     108
      86
      96
      75
      80
      95
      99
      68
      89
     101
      82
      89
      97
      73
      68
      88
      72
      66
      81
      68
      73
      76
      63
      61
      73
      69
      61
      54
      59
      43
      43
      45
      33
      33
      34
      43
      28
      33
      23
      35
      28
      19
      21
      26
      15
      17
      17
      14
      11
       9
       6
       2
       0
       4
       0
       0
       1
       4
       2
       4
       5
       0
       1
       2
       2
       2
       1
       3
       1
       1
       1
       0
       0
       2
       2
       1
       0
       2
       0
       1
       0
       2
       1
       1
       0
       0
       0
       0
       1
       1
       2
       0
       1
       0
       0
       0
       0
       2
       0
       0
       0
       1
       1
       0
       0
       1
       0
       0
       0
       0
       0
       0
       0
       0
       0
       1
       0
       0
       0
       0
       0
       0
       0
       1
       0
       0
       0
       0
       1
       0
       0
       0
       0
       1
       0
       0
       0
       0
       0
       0
       0
       0
       0
       0
       0
       0
       0
       0
       0
       0
       0
       0
       0
       0
       0
       0
       0
       0
       0
       0
       0
       1
       0
       0
       0
       0
       0
       0
       1
       0
       0
       0
       0
       0
       0
       0
       0
       0
       1
       0
       0
       0
       0
       0
       1
       0
       0
       0
       0
       0
       0
       0
       0
       0
       0
       0
       0
       0
       0
       0
       0
       0
       0
       0
       0
       0
       0
       0
       0
       0
       0
       0
       0
       0
       0
       0
       0
       0
       0
$ROI:
0
$PRESETS:
None
0
0
$ENER_FIT:
0.000000 0.000000
$MCA_CAL:
3
0.000000E+000 0.000000E+000 0.000000E+000 
$SHAPE_CAL:
3
0.000000E+000 0.000000E+000 0.000000E+000
