$SPEC_ID:
No sample description was entered.
$SPEC_REM:
DET# 2
DETDESC# FP-COMPTON2 MCB 130
AP# Maestro Version 7.01
$DATE_MEA:
12/12/2024 11:43:25
$MEAS_TIM:
187 188
$DATA:
0 2047
       0
       0
       0
       0
       0
       0
       0
       0
       0
       0
       0
       0
       1
       2
       1
       1
       6
       4
       3
       2
       2
       4
      15
      26
      28
      31
      29
      48
      76
      94
     124
     126
     154
     195
     196
     216
     271
     322
     413
     420
     482
     533
     643
     721
     782
     933
     960
    1001
    1038
    1082
    1136
    1156
    1183
    1140
    1167
    1197
    1119
    1158
    1138
    1170
    1166
    1152
    1118
    1153
    1085
    1076
    1117
    1120
    1119
    1073
    1047
    1050
     969
     914
     865
     885
     865
     855
     770
     760
     724
     668
     630
     634
     593
     525
     509
     443
     488
     439
     429
     396
     399
     344
     335
     309
     303
     320
     287
     285
     251
     244
     255
     228
     269
     280
     278
     262
     284
     269
     265
     274
     262
     285
     318
     308
     295
     304
     359
     371
     369
     384
     369
     357
     405
     396
     417
     420
     472
     492
     488
     522
     523
     507
     528
     556
     578
     573
     564
     601
     628
     603
     601
     648
     691
     685
     698
     660
     669
     670
     718
     679
     701
     645
     649
     719
     681
     685
     654
     651
     684
     657
     575
     636
     600
     622
     581
     542
     613
     546
     497
     529
     478
     454
     450
     465
     406
     389
     329
     353
     379
     319
     325
     289
     271
     261
     249
     275
     251
     237
     219
     220
     223
     199
     192
     177
     190
     167
     165
     178
     182
     175
     154
     164
     152
     162
     172
     135
     144
     151
     162
     130
     151
     150
     123
     155
     158
     139
     151
     127
     157
     148
     155
     168
     156
     156
     165
     149
     166
     161
     153
     162
     157
     167
     154
     172
     171
     141
     142
     150
     137
     159
     137
     166
     180
     168
     154
     148
     182
     144
     173
     162
     154
     163
     157
     142
     157
     157
     141
     157
     145
     152
     160
     130
     159
     166
     156
     167
     175
     172
     152
     142
     149
     149
     146
     129
     141
     159
     152
     143
     161
     145
     163
     130
     139
     177
     152
     150
     113
     144
     141
     150
     141
     139
     127
     121
     160
     125
     141
     129
     128
     127
     116
     124
     123
     125
     131
     133
     128
     125
     123
     108
     102
     111
     108
     109
     137
     119
     113
      93
     113
     116
     110
     107
     116
     102
      96
     119
     115
     122
     110
     108
     109
     119
     101
     112
     100
     107
      99
     106
     105
     110
     110
     102
     106
     110
     121
     112
     115
     112
     115
     131
     127
      93
     124
     114
     101
     142
     122
     117
     123
     122
     157
     123
     154
     128
     133
     129
     144
     136
     127
     136
     131
     169
     143
     148
     162
     174
     156
     148
     174
     173
     160
     183
     205
     169
     169
     179
     165
     201
     179
     176
     179
     213
     180
     205
     181
     210
     232
     205
     221
     201
     194
     224
     226
     227
     218
     248
     223
     222
     221
     230
     247
     254
     238
     243
     252
     264
     256
     279
     277
     266
     291
     264
     274
     276
     272
     281
     296
     283
     262
     255
     319
     300
     299
     328
     317
     305
     313
     327
     322
     293
     332
     317
     289
     320
     337
     329
     327
     347
     341
     319
     321
     349
     356
     343
     360
     357
     367
     346
     389
     366
     323
     376
     406
     374
     336
     378
     409
     387
     387
     369
     383
     400
     411
     432
     383
     407
     401
     374
     403
     417
     432
     424
     420
     396
     422
     411
     393
     428
     429
     427
     417
     417
     435
     414
     422
     376
     393
     356
     408
     447
     427
     408
     407
     384
     411
     405
     401
     397
     405
     365
     376
     348
     417
     340
     374
     326
     339
     364
     336
     335
     317
     305
     289
     330
     365
     296
     312
     308
     307
     291
     282
     269
     278
     257
     278
     256
     242
     262
     243
     230
     208
     230
     226
     200
     214
     187
     191
     199
     181
     182
     193
     187
     177
     177
     160
     154
     161
     161
     144
     161
     136
     139
     141
     126
     113
     116
     120
     109
     111
     115
     103
      86
     109
      92
      78
      90
      85
      88
      91
      75
      75
      85
      69
      72
      77
      68
      72
      57
      67
      57
      61
      60
      56
      52
      54
      61
      46
      44
      49
      52
      52
      47
      33
      36
      45
      47
      31
      57
      44
      47
      27
      37
      26
      31
      40
      36
      40
      38
      39
      28
      33
      27
      25
      34
      30
      31
      42
      16
      20
      21
      27
      18
      32
      26
      27
      19
      23
      13
      24
      26
      19
      24
      21
      16
      21
      21
      15
      14
      32
      18
      11
      24
      25
      21
      16
      27
      12
      13
      20
      19
      19
      15
      14
      14
      15
      12
      11
       7
      20
      16
      14
      11
      19
       9
      14
      16
      12
      13
      15
      11
       9
      13
      20
      12
       5
      16
      12
      11
      14
      14
      16
      13
      12
       3
       8
       9
      13
       9
      11
      11
       4
      10
       8
      10
      13
      14
       8
       8
       9
      16
      12
      10
       6
      13
       5
       5
      16
      10
      12
      12
       9
       8
       4
       8
       9
      10
      13
      11
       9
      14
       7
       6
       9
       8
      12
      10
      12
       7
      15
       8
       2
       5
       9
       9
       8
       9
      12
       6
       2
      12
       8
       5
       5
       4
      12
      11
       5
       7
       8
       2
       7
      17
       5
       8
       7
       4
      10
       9
       9
      10
      12
       6
       4
       9
       4
       8
       7
       7
       6
       5
       8
       5
       8
       9
       6
       7
       7
       6
       5
       8
      11
       7
       8
       3
       5
       7
       5
      10
       6
       9
       9
       9
       4
       8
       7
       8
       9
       8
       4
       5
       6
       2
       8
       4
       7
       7
       4
       5
       3
       7
       6
       6
       6
       9
       8
       6
       6
       3
       9
       8
       5
       2
       5
       1
       4
       5
       2
       3
       3
       5
       6
       2
       8
       7
       4
       5
       1
       6
       7
       5
       6
       8
       2
       3
       1
       2
       4
       5
       4
       3
       3
       3
       3
       5
       5
       5
       1
       7
       4
       6
       6
       5
       2
       5
      10
       5
       7
       5
       3
       3
       1
       0
       3
       5
       3
       5
       2
       3
       4
       5
       8
       2
       3
       5
       3
       2
       3
       0
       3
       4
       1
       2
       3
       0
       3
       3
       3
       5
       4
       2
       2
       3
       5
       2
       5
       3
       2
       2
       4
       3
       2
       3
       1
       1
       3
       2
       1
       2
       0
       5
       4
       4
       2
       1
       1
       3
       2
       2
       5
       2
       1
       1
       2
       5
       4
       3
       4
       2
       4
       3
       3
       1
       4
       2
       3
       2
       2
       1
       2
       4
       6
       1
       2
       4
       1
       1
       1
       6
       3
       1
       3
       4
       1
       1
       2
       2
       4
       3
       1
       4
       0
       1
       3
       0
       1
       1
       5
       2
       1
       3
       4
       4
       0
       3
       3
       1
       3
       2
       4
       3
       1
       4
       3
       3
       3
       3
       2
       1
       0
       2
       4
       1
       1
       4
       1
       3
       2
       1
       0
       2
       0
       4
       2
       2
       1
       0
       2
       1
       0
       2
       2
       1
       2
       2
       3
       0
       2
       2
       3
       4
       1
       2
       3
       1
       0
       2
       2
       2
       2
       2
       1
       3
       5
       2
       1
       2
       1
       3
       1
       2
       4
       2
       1
       3
       1
       2
       2
       3
       1
       1
       2
       1
       3
       3
       3
       5
       0
       2
       1
       2
       1
       0
       1
       1
       5
       0
       1
       4
       2
       4
       2
       4
       3
       4
       3
       1
       1
       1
       3
       2
       5
       2
       0
       1
       2
       2
       1
       4
       0
       1
       2
       1
       3
       1
       3
       2
       1
       1
       2
       2
       2
       1
       1
       2
       1
       3
       4
       5
       5
       2
       4
       0
       0
       4
       1
       2
       4
       4
       3
       1
       6
       0
       1
       1
       3
       2
       3
       1
       0
       2
       3
       2
       2
       3
       1
       3
       3
       1
       2
       3
       3
       5
       3
       4
       2
       2
       3
       1
       3
       1
       0
       0
       6
       2
       2
       3
       3
       1
       1
       2
       1
       1
       3
       3
       1
       0
       3
       0
       3
       2
       5
       4
       1
       2
       0
       0
       3
       2
       1
       1
       1
       0
       0
       2
       1
       2
       1
       4
       0
       3
       1
       0
       1
       3
       3
       1
       0
       1
       1
       1
       0
       2
       2
       1
       1
       3
       0
       1
       1
       3
       1
       1
       1
       2
       1
       1
       0
       2
       0
       1
       2
       0
       1
       1
       1
       1
       0
       0
       1
       2
       0
       0
       0
       4
       2
       1
       0
       2
       0
       1
       1
       3
       1
       1
       0
       0
       2
       1
       3
       0
       2
       0
       1
       1
       1
       3
       1
       3
       3
       0
       2
       1
       1
       0
       1
       1
       2
       2
       3
       5
       2
       1
       0
       2
       2
       0
       1
       1
       2
       1
       1
       0
       3
       0
       2
       2
       2
       1
       2
       1
       1
       0
       2
       3
       5
       3
       0
       1
       1
       3
       6
       4
       0
       4
       1
       2
       1
       4
       1
       1
       0
       4
       0
       4
       4
       1
       0
       1
       0
       1
       1
       2
       1
       1
       0
       0
       1
       1
       0
       0
       0
       1
       0
       4
       0
       1
       3
       3
       3
       1
       3
       3
       1
       0
       2
       1
       2
       1
       0
       2
       0
       1
       3
       0
       2
       5
       2
       0
       1
       3
       2
       0
       0
       2
       0
       1
       0
       2
       1
       2
       0
       0
       2
       2
       1
       1
       0
       3
       0
       2
       1
       0
       0
       2
       1
       1
       2
       0
       3
       2
       1
       1
       2
       2
       1
       3
       1
       1
       0
       1
       1
       2
       0
       2
       3
       1
       1
       1
       3
       5
       1
       3
       1
       2
       0
       1
       0
       3
       1
       2
       2
       0
       2
       0
       2
       2
       1
       1
       0
       2
       4
       2
       0
       2
       0
       0
       0
       1
       1
       4
       1
       1
       2
       2
       1
       0
       1
       1
       4
       0
       2
       0
       1
       1
       0
       1
       3
       2
       1
       2
       0
       0
       2
       1
       0
       2
       1
       0
       1
       0
       1
       1
       0
       2
       2
       0
       2
       2
       0
       2
       0
       0
       2
       2
       1
       1
       1
       1
       1
       1
       1
       0
       2
       0
       0
       2
       0
       0
       0
       2
       1
       1
       0
       0
       0
       3
       0
       1
       0
       1
       1
       1
       2
       0
       0
       0
       0
       0
       1
       2
       0
       3
       1
       0
       0
       0
       0
       0
       0
       1
       0
       3
       0
       0
       0
       2
       2
       0
       0
       4
       0
       1
       0
       2
       1
       0
       3
       0
       2
       1
       0
       0
       0
       0
       3
       0
       0
       1
       2
       0
       0
       2
       1
       1
       1
       1
       1
       0
       2
       0
       1
       0
       3
       2
       1
       1
       2
       1
       1
       0
       0
       1
       2
       0
       0
       0
       0
       1
       2
       0
       1
       0
       1
       0
       3
       1
       2
       2
       1
       1
       2
       1
       0
       0
       2
       0
       2
       1
       1
       0
       1
       1
       2
       0
       0
       2
       0
       1
       1
       1
       0
       1
       0
       0
       0
       0
       2
       0
       1
       2
       1
       5
       1
       0
       0
       2
       1
       1
       0
       1
       2
       0
       2
       0
       0
       2
       1
       1
       0
       2
       1
       0
       0
       1
       4
       1
       1
       0
       1
       1
       1
       1
       0
       1
       1
       0
       3
       1
       0
       0
       1
       3
       0
       1
       2
       2
       1
       1
       1
       2
       0
       0
       0
       1
       0
       0
       1
       1
       0
       1
       0
       1
       1
       0
       3
       0
       1
       1
       2
       0
       2
       1
       2
       1
       1
       1
       2
       1
       1
       1
       0
       1
       2
       2
       1
       0
       0
       1
       1
       0
       1
       0
       1
       1
       3
       1
       3
       0
       1
       3
       2
       0
       1
       0
       1
       1
       2
       1
       3
       0
       1
       2
       4
       2
       1
       1
       1
       1
       1
       2
       0
       2
       2
       0
       2
       0
       0
       0
       3
       4
       1
       4
       2
       2
       2
       0
       1
       1
       3
       0
       1
       1
       2
       1
       0
       1
       1
       2
       4
       0
       0
       0
       0
       2
       1
       0
       1
       1
       3
       0
       1
       1
       2
       0
       1
       2
       0
       0
       0
       0
       1
       0
       0
       1
       0
       2
       0
       1
       0
       3
       1
       1
       2
       1
       0
       1
       1
       0
       1
       1
       0
       0
       1
       2
       1
       1
       1
       0
       1
       2
       1
       0
       1
       1
       1
       0
       0
       0
       0
       3
       0
       0
       1
       0
       0
       0
       0
       0
       0
       0
       0
       0
       0
       0
       1
       0
       0
       0
       0
       0
       0
       0
       0
       0
       0
       0
       0
       0
       0
       0
       0
       0
       0
       0
       0
       0
       0
       0
       0
       0
       0
       0
       0
       0
       0
       0
       0
       0
       0
       0
       0
       0
       0
       0
       0
       0
       0
       0
       0
       0
       0
       0
       0
       0
       0
       0
       0
       0
       0
       0
       0
       0
       0
       0
       0
       0
       0
       0
       0
       0
       0
       0
       0
       0
       0
       0
       0
       0
       0
       0
       0
       0
       0
       0
       0
       0
       0
       0
       0
       0
       0
       0
       0
       0
       0
       0
       0
       0
       0
       0
       0
       0
       0
       0
       0
       0
       0
       0
       0
       0
       0
       0
       0
       0
       0
       0
       0
       0
       0
       0
       0
       0
       0
       0
       0
       0
       0
       0
       0
       0
       0
       0
       0
       0
       0
       0
       0
       0
       0
       0
       0
       0
       0
       0
       0
       0
       0
       0
       0
       0
       0
       0
       0
       0
       0
       0
       0
       0
       0
       0
       0
       0
       0
       0
       0
       0
       0
       0
       0
       0
       0
       0
       0
       0
       0
       0
$ROI:
0
$PRESETS:
None
0
0
$ENER_FIT:
0.000000 0.000000
$MCA_CAL:
3
0.000000E+000 0.000000E+000 0.000000E+000 
$SHAPE_CAL:
3
0.000000E+000 0.000000E+000 0.000000E+000
