$SPEC_ID:
No sample description was entered.
$SPEC_REM:
DET# 2
DETDESC# FP-COMPTON2 MCB 130
AP# Maestro Version 7.01
$DATE_MEA:
12/12/2024 11:43:25
$MEAS_TIM:
245 250
$DATA:
0 2047
       0
       0
       0
       0
       0
       0
       0
       0
       0
       0
       0
       1
       5
       3
       4
       5
       4
       5
       3
       7
      27
      64
      92
      99
     121
     133
     168
     192
     186
     223
     262
     294
     302
     330
     389
     447
     429
     477
     464
     546
     619
     632
     712
     766
     788
     841
     880
     953
     984
     976
     942
    1029
    1004
    1011
    1033
    1001
    1047
     970
    1012
    1069
    1037
    1055
    1006
    1104
    1054
    1078
    1059
    1048
    1050
    1028
    1058
    1015
    1077
     997
     951
     916
     931
     870
     867
     843
     855
     812
     790
     770
     735
     691
     678
     637
     659
     630
     620
     594
     568
     576
     576
     506
     525
     504
     528
     496
     485
     471
     510
     485
     482
     465
     490
     468
     477
     483
     474
     491
     465
     463
     467
     484
     466
     486
     532
     481
     509
     485
     520
     531
     546
     518
     554
     543
     554
     566
     566
     584
     570
     606
     585
     617
     643
     565
     613
     601
     662
     630
     595
     644
     619
     628
     655
     606
     624
     670
     653
     656
     668
     681
     622
     653
     633
     658
     600
     643
     639
     652
     609
     628
     616
     635
     598
     580
     575
     607
     642
     614
     599
     663
     563
     577
     600
     610
     603
     593
     614
     547
     587
     560
     564
     551
     554
     585
     579
     600
     551
     576
     617
     549
     565
     581
     569
     599
     577
     561
     622
     548
     589
     602
     575
     533
     603
     591
     623
     598
     572
     641
     610
     609
     609
     610
     576
     663
     599
     632
     610
     638
     614
     650
     602
     603
     652
     607
     634
     651
     592
     685
     661
     658
     648
     576
     648
     671
     664
     698
     668
     655
     620
     656
     684
     692
     656
     694
     697
     671
     704
     706
     691
     678
     735
     682
     715
     661
     719
     727
     692
     719
     745
     730
     738
     729
     786
     786
     749
     789
     767
     775
     801
     787
     745
     781
     802
     836
     761
     795
     810
     833
     782
     853
     812
     787
     804
     811
     852
     855
     806
     934
     883
     886
     825
     899
     858
     873
     898
     819
     902
     840
     926
     863
     897
     890
     861
     912
     909
     870
     937
     936
     913
     906
     962
     912
     982
     859
     875
     901
     859
     967
     925
     917
     904
     845
     935
     949
     951
     944
     879
     941
     933
     922
     897
     897
     938
     913
     882
     907
     853
     872
     832
     864
     881
     825
     874
     877
     838
     915
     849
     865
     804
     849
     813
     826
     806
     855
     835
     818
     851
     837
     797
     809
     834
     844
     838
     821
     789
     799
     823
     777
     775
     794
     814
     783
     747
     781
     775
     788
     779
     801
     807
     761
     760
     784
     737
     817
     844
     751
     744
     779
     792
     747
     669
     775
     721
     710
     698
     746
     713
     752
     749
     718
     735
     757
     742
     738
     765
     708
     724
     731
     738
     745
     739
     695
     696
     720
     739
     683
     717
     710
     731
     689
     712
     692
     717
     637
     683
     666
     754
     677
     676
     681
     678
     624
     665
     753
     665
     649
     653
     703
     695
     673
     706
     687
     681
     655
     659
     653
     706
     689
     656
     701
     639
     666
     635
     678
     621
     645
     660
     672
     631
     642
     687
     686
     718
     692
     687
     674
     621
     651
     629
     692
     620
     684
     657
     646
     667
     653
     644
     688
     639
     690
     656
     639
     664
     656
     645
     704
     718
     643
     676
     611
     658
     672
     635
     663
     622
     653
     678
     647
     628
     639
     637
     692
     663
     641
     641
     651
     651
     648
     664
     662
     637
     655
     673
     707
     682
     605
     636
     629
     639
     695
     664
     639
     654
     637
     666
     583
     673
     702
     635
     656
     693
     625
     656
     632
     655
     665
     683
     617
     648
     626
     699
     672
     651
     618
     669
     635
     668
     657
     624
     586
     648
     615
     635
     610
     710
     661
     610
     624
     676
     632
     638
     637
     633
     656
     632
     611
     668
     609
     634
     609
     603
     600
     593
     604
     646
     594
     570
     617
     609
     604
     615
     574
     581
     637
     609
     629
     580
     592
     591
     567
     582
     539
     579
     541
     564
     542
     525
     538
     602
     546
     511
     556
     551
     528
     486
     510
     508
     563
     514
     568
     527
     513
     538
     524
     468
     508
     503
     493
     490
     516
     447
     473
     452
     447
     486
     440
     462
     442
     443
     428
     450
     410
     427
     420
     432
     405
     432
     430
     388
     413
     404
     398
     352
     386
     388
     370
     351
     367
     334
     371
     369
     325
     354
     327
     340
     357
     324
     333
     334
     333
     305
     317
     308
     336
     355
     322
     305
     332
     321
     323
     323
     317
     314
     305
     306
     330
     295
     321
     336
     303
     298
     322
     311
     280
     293
     305
     314
     313
     270
     290
     287
     292
     300
     280
     309
     276
     293
     290
     309
     310
     309
     290
     299
     323
     325
     333
     319
     341
     312
     326
     328
     319
     333
     358
     331
     327
     364
     360
     350
     365
     362
     398
     388
     394
     412
     386
     424
     394
     410
     411
     427
     437
     441
     426
     460
     484
     479
     510
     478
     478
     490
     529
     522
     518
     533
     543
     622
     583
     593
     579
     591
     667
     596
     642
     617
     676
     707
     734
     711
     713
     777
     711
     797
     761
     767
     838
     792
     826
     819
     846
     880
     930
     880
     941
     905
     940
     987
    1010
    1036
    1042
    1089
    1063
    1120
    1104
    1129
    1166
    1130
    1152
    1260
    1141
    1260
    1236
    1272
    1286
    1277
    1324
    1412
    1313
    1389
    1449
    1365
    1399
    1458
    1463
    1499
    1554
    1534
    1566
    1522
    1621
    1587
    1597
    1667
    1640
    1725
    1623
    1676
    1779
    1780
    1793
    1760
    1764
    1848
    1803
    1835
    1925
    1916
    1905
    1897
    1927
    1927
    1937
    2010
    1998
    1946
    1987
    1981
    1985
    1969
    2102
    2023
    2098
    2047
    2005
    2010
    2009
    2033
    2119
    2078
    2015
    2050
    2095
    2071
    2129
    2118
    2014
    2084
    2036
    2083
    2044
    1978
    2049
    2040
    2057
    2035
    1983
    2038
    1998
    1951
    1993
    2083
    1959
    1925
    1924
    1914
    1917
    1880
    1882
    1917
    1851
    1851
    1858
    1704
    1723
    1739
    1743
    1778
    1694
    1676
    1626
    1710
    1662
    1675
    1577
    1540
    1491
    1482
    1591
    1412
    1492
    1421
    1395
    1438
    1405
    1304
    1382
    1285
    1286
    1278
    1283
    1227
    1177
    1188
    1227
    1099
    1155
    1075
    1030
    1050
    1007
    1005
     918
     977
     944
     954
     862
     903
     869
     829
     840
     802
     859
     799
     763
     777
     737
     724
     699
     642
     649
     634
     640
     639
     623
     573
     577
     515
     550
     538
     543
     467
     505
     488
     472
     447
     430
     438
     436
     422
     432
     376
     373
     376
     371
     358
     343
     323
     304
     324
     310
     312
     293
     294
     297
     261
     261
     260
     243
     237
     241
     265
     266
     252
     210
     202
     221
     224
     178
     209
     175
     189
     177
     173
     171
     184
     159
     158
     165
     165
     131
     160
     160
     131
     154
     162
     140
     155
     129
     137
     137
     155
     110
     138
     120
     126
     124
     136
     123
     112
     129
     116
     102
     134
     132
      96
     119
     114
     128
      92
     101
      86
      91
     109
      86
     102
      84
     104
     117
      86
      99
      82
      92
      71
      77
      85
      78
      97
      81
     112
      90
      94
      73
      99
      77
      84
      89
     103
      78
      88
      83
      87
      81
      71
      96
      81
      84
     102
      81
      77
      90
      75
      84
      88
      79
      91
      91
      89
      80
      79
      86
     101
      87
      84
      67
      86
      70
      61
      70
      83
      69
      67
      76
      69
      73
      79
      80
      66
      69
      84
      82
      81
      74
      81
      91
      83
      90
      74
      80
      71
      80
      73
      71
      79
      73
      61
      71
      65
      67
      62
      71
      78
      71
      82
      67
      83
      77
      65
      62
      78
      74
      79
      83
      62
      68
      82
      70
      68
      67
      86
      74
      69
      85
      63
      68
      72
      68
      71
      64
      86
      75
      55
      66
      74
      70
      68
      78
      81
      75
      72
      63
      74
      75
      73
      65
      59
      77
      71
      55
      54
      80
      79
      83
      81
      70
      68
      51
      65
      79
      49
      75
      47
      77
      62
      63
      71
      73
      53
      76
      73
      63
      60
      64
      49
      77
      69
      68
      74
      70
      76
      68
      62
      57
      86
      67
      69
      65
      71
      65
      66
      53
      74
      54
      74
      54
      63
      73
      57
      53
      69
      74
      68
      60
      77
      57
      57
      55
      62
      67
      62
      70
      63
      68
      50
      62
      70
      51
      55
      65
      58
      55
      69
      64
      63
      58
      61
      63
      61
      62
      59
      52
      64
      51
      53
      61
      67
      63
      59
      66
      53
      69
      59
      54
      68
      65
      73
      56
      70
      66
      61
      55
      54
      72
      63
      53
      44
      60
      64
      57
      57
      64
      56
      50
      49
      77
      56
      54
      57
      51
      58
      50
      59
      54
      44
      68
      60
      46
      52
      54
      54
      65
      55
      53
      55
      57
      53
      46
      60
      60
      56
      53
      46
      55
      57
      58
      56
      54
      52
      51
      40
      46
      48
      43
      58
      55
      44
      54
      44
      43
      47
      52
      56
      44
      56
      52
      44
      48
      57
      49
      50
      52
      48
      38
      46
      41
      46
      51
      47
      51
      36
      41
      45
      40
      45
      49
      43
      38
      37
      54
      36
      46
      44
      45
      52
      49
      42
      48
      46
      49
      47
      39
      37
      42
      36
      37
      48
      39
      41
      24
      32
      42
      39
      36
      43
      28
      31
      46
      35
      44
      33
      29
      39
      42
      41
      38
      38
      29
      41
      28
      27
      28
      20
      31
      22
      24
      23
      33
      40
      20
      41
      32
      29
      22
      33
      25
      28
      32
      23
      32
      19
      22
      21
      28
      20
      30
      27
      24
      21
      18
      23
      17
      24
      22
      32
      12
      18
      18
      19
      20
      16
      17
      18
      18
      26
      19
      17
      24
      23
      17
      17
      18
      19
      17
      16
      17
      23
      13
      19
      19
      18
      14
      15
      10
      15
      19
      17
      11
      13
      13
      12
      15
      16
      13
      15
      13
      14
      13
      14
      10
       7
      14
       6
       7
      11
      11
      15
      14
       6
      12
      10
      12
      11
      10
       6
       9
       7
      10
       7
       4
      12
       7
      10
      11
      10
       4
       6
       9
       5
       4
       5
       4
       7
       7
       5
       8
       8
       5
      11
       5
       6
       6
       7
       5
       6
       5
       2
      11
       4
       7
       7
       3
       7
       8
       2
       6
       3
       4
       2
       7
       6
       4
       5
       6
       3
       6
       2
       3
       3
       6
       6
       3
       5
       5
       7
       9
       4
       2
       3
       3
       2
       3
       2
       0
       4
       7
       5
       2
       1
       2
       1
       5
       5
       5
       3
       5
       3
       3
       1
       7
       4
       1
       0
       4
       3
       5
       3
       3
       4
       4
       2
       4
       4
       2
       4
       4
       3
       2
       2
       3
       4
       2
       4
       4
       1
       2
       1
       2
       2
       2
       5
       2
       2
       2
       2
       6
       3
       5
       3
       1
       0
       4
       2
       6
       1
       4
       1
       2
       4
       3
       4
       4
       3
       3
       2
       3
       5
       3
       1
       2
       1
       2
       1
       2
       2
       4
       1
       3
       3
       5
       0
       3
       2
       0
       3
       0
       1
       3
       3
       2
       3
       2
       0
       4
       2
       4
       4
       0
       3
       3
       4
       1
       3
       1
       5
       4
       3
       4
       2
       2
       3
       2
       5
       3
       1
       2
       0
       3
       4
       0
       3
       2
       0
       3
       5
       3
       2
       1
       1
       6
       2
       0
       2
       2
       3
       4
       4
       2
       3
       3
       0
       0
       3
       3
       0
       1
       2
       3
       3
       2
       4
       0
       0
       2
       0
       0
       1
       2
       2
       2
       2
       6
       1
       2
       1
       2
       2
       2
       0
       3
       0
       3
       0
       3
       5
       3
       1
       1
       3
       1
       2
       1
       2
       2
       3
       2
       2
       1
       0
       3
       4
       3
       3
       2
       5
       2
       1
       4
       2
       2
       0
       3
       2
       0
       3
       1
       2
       1
       2
       4
       0
       3
       1
       2
       2
       2
       3
       2
       1
       1
       1
       0
       3
       0
       1
       4
       1
       2
       1
       2
       0
       2
       2
       0
       2
       0
       2
       0
       0
       1
       1
       1
       3
       5
       3
       1
       1
       0
       2
       0
       0
       0
       1
       0
       1
       2
       1
       1
       0
       0
       0
       1
       0
       3
       2
       1
       0
       1
       2
       1
       1
       1
       1
       1
       0
       2
       1
       1
       2
       0
       1
       0
       0
       1
       0
       0
       1
       0
       3
       1
       0
       0
       0
       0
       0
       1
       0
       0
       1
       0
       1
       0
       1
       0
       0
       1
       0
       0
       0
       0
       0
       0
       0
       0
       0
       0
       0
       0
       0
       0
       0
       0
       0
       0
       0
       0
       0
       0
       0
       0
       0
       0
       0
       0
       0
       0
       0
       0
       0
       0
       0
       0
       0
       0
       0
       0
       0
       0
       0
       0
       0
       0
       0
       0
       0
       0
       0
       0
       0
       0
       0
       0
       0
       0
       0
       0
       0
       0
       0
       0
       0
       0
       0
       0
       0
       0
       0
       0
       0
       0
       0
       0
       0
       0
       0
       0
       0
       0
       0
       0
       0
       0
       0
       0
       0
       0
       0
       0
       0
       0
       0
       0
       0
       0
       0
       0
       0
       0
       0
       0
       0
       0
       0
       0
       0
       0
       0
       0
       0
       0
       0
       0
       0
       0
       0
       0
       0
       0
       0
       0
       0
       0
       0
       0
       0
       0
       0
       0
       0
       0
       0
       0
       0
       0
       0
       0
       0
       0
       0
       0
       0
       0
       0
       0
       0
       0
       0
       0
       0
       0
       0
       0
       0
       0
       0
       0
       0
       0
       0
       0
       0
       0
       0
       0
       0
       0
$ROI:
0
$PRESETS:
None
0
0
$ENER_FIT:
0.000000 0.000000
$MCA_CAL:
3
0.000000E+000 0.000000E+000 0.000000E+000 
$SHAPE_CAL:
3
0.000000E+000 0.000000E+000 0.000000E+000
