$SPEC_ID:
No sample description was entered.
$SPEC_REM:
DET# 2
DETDESC# FP-COMPTON2 MCB 130
AP# Maestro Version 7.01
$DATE_MEA:
12/12/2024 11:43:25
$MEAS_TIM:
324 327
$DATA:
       0
       0
       0
       0
       0
       0
       0
       0
       0
       0
       0
       0
       10
       9
       5
       21
       12
       14
       14
       13
       26
       50
       124
       184
       283
       364
       454
       558
       690
       870
       978
       1158
       1217
       1322
       1566
       1604
       1783
       1855
       2021
       2035
       2121
       2154
       2168
       2304
       2321
       2327
       2376
       2259
       2243
       2197
       2166
       2200
       2009
       1992
       1882
       1883
       1874
       1791
       1827
       1684
       1700
       1684
       1641
       1801
       1716
       1716
       1643
       1666
       1662
       1683
       1747
       1717
       1744
       1798
       1833
       1814
       1855
       1918
       2017
       2101
       2116
       2279
       2425
       2488
       2487
       2682
       2794
       2941
       3024
       3300
       3452
       3535
       3798
       3924
       4140
       4279
       4542
       4568
       4900
       5007
       5216
       5440
       5521
       5664
       5973
       6235
       6305
       6428
       6620
       6649
       6702
       6988
       7064
       7121
       7209
       7188
       7344
       7276
       7327
       7232
       7286
       7177
       6944
       6993
       6714
       6734
       6622
       6400
       6271
       6216
       5933
       5717
       5430
       5299
       4884
       4959
       4653
       4355
       4139
       4032
       3697
       3464
       3290
       3100
       2866
       2698
       2529
       2292
       2302
       2040
       1898
       1685
       1583
       1384
       1275
       1175
       1101
       1029
       976
       841
       727
       676
       596
       568
       534
       512
       460
       398
       349
       329
       312
       264
       269
       243
       224
       220
       188
       187
       180
       170
       180
       163
       147
       143
       115
       120
       131
       125
       115
       118
       133
       117
       132
       109
       96
       101
       112
       111
       103
       111
       106
       100
       102
       90
       87
       92
       81
       97
       106
       95
       85
       78
       87
       73
       90
       79
       75
       86
       87
       75
       80
       84
       101
       56
       75
       73
       75
       83
       79
       75
       67
       78
       70
       84
       59
       69
       77
       72
       60
       58
       52
       81
       68
       45
       62
       64
       61
       62
       65
       66
       71
       58
       74
       61
       75
       69
       63
       61
       75
       65
       51
       47
       59
       56
       53
       48
       61
       60
       60
       61
       45
       55
       52
       48
       39
       66
       61
       56
       61
       59
       58
       57
       53
       59
       55
       54
       62
       49
       54
       45
       53
       47
       61
       36
       49
       65
       51
       44
       53
       57
       64
       52
       55
       46
       41
       44
       56
       51
       47
       38
       38
       51
       44
       42
       36
       49
       51
       40
       54
       44
       43
       41
       47
       56
       32
       41
       38
       35
       40
       39
       37
       44
       39
       37
       52
       38
       42
       54
       27
       41
       61
       39
       42
       42
       49
       38
       29
       46
       37
       42
       43
       33
       48
       34
       38
       31
       47
       36
       49
       37
       31
       45
       44
       43
       48
       47
       39
       40
       23
       51
       46
       30
       45
       44
       45
       42
       42
       47
       51
       44
       41
       33
       39
       40
       37
       56
       40
       34
       27
       42
       48
       49
       38
       35
       56
       43
       40
       46
       43
       52
       40
       49
       42
       41
       42
       40
       47
       45
       48
       44
       61
       47
       47
       50
       60
       47
       58
       60
       52
       50
       60
       49
       44
       53
       60
       55
       45
       46
       51
       55
       45
       63
       41
       59
       62
       49
       55
       56
       76
       39
       48
       64
       54
       64
       60
       51
       58
       51
       55
       68
       70
       51
       61
       71
       67
       48
       65
       68
       57
       69
       67
       59
       71
       59
       54
       71
       76
       65
       67
       61
       61
       58
       62
       85
       56
       64
       58
       56
       65
       53
       72
       71
       70
       58
       66
       58
       77
       61
       89
       68
       61
       77
       75
       59
       73
       65
       67
       51
       83
       73
       73
       70
       54
       83
       49
       73
       72
       60
       68
       67
       68
       60
       50
       46
       51
       52
       57
       45
       49
       59
       57
       64
       57
       50
       50
       54
       45
       40
       55
       52
       46
       61
       39
       43
       44
       42
       45
       41
       43
       57
       46
       54
       34
       34
       37
       38
       34
       46
       34
       45
       30
       31
       26
       28
       33
       30
       31
       33
       32
       29
       24
       26
       23
       32
       22
       33
       25
       26
       22
       25
       22
       32
       17
       17
       19
       26
       32
       23
       20
       25
       22
       22
       26
       23
       22
       16
       18
       17
       15
       12
       13
       19
       18
       16
       19
       15
       13
       13
       15
       18
       17
       10
       10
       15
       20
       19
       12
       15
       21
       18
       17
       11
       12
       13
       18
       12
       15
       12
       11
       6
       19
       12
       15
       13
       18
       7
       10
       10
       14
       12
       14
       15
       10
       10
       13
       12
       11
       9
       5
       8
       14
       13
       6
       17
       7
       10
       14
       16
       8
       10
       10
       12
       13
       12
       4
       6
       12
       14
       6
       7
       7
       5
       9
       8
       11
       10
       8
       5
       8
       8
       7
       10
       9
       8
       7
       7
       7
       8
       11
       10
       5
       8
       7
       10
       6
       14
       15
       4
       11
       5
       9
       9
       4
       9
       7
       10
       6
       5
       8
       5
       5
       5
       9
       7
       7
       8
       9
       9
       9
       10
       5
       7
       8
       6
       6
       9
       10
       8
       8
       10
       4
       8
       7
       4
       10
       4
       5
       8
       5
       8
       5
       2
       6
       2
       8
       5
       6
       6
       6
       7
       9
       6
       8
       1
       5
       14
       11
       8
       11
       2
       10
       9
       5
       9
       11
       5
       9
       12
       7
       2
       7
       9
       10
       11
       4
       6
       5
       6
       10
       1
       5
       5
       5
       10
       9
       6
       7
       10
       6
       5
       5
       10
       11
       5
       9
       11
       7
       6
       4
       3
       10
       12
       11
       5
       5
       3
       8
       9
       3
       3
       6
       5
       6
       1
       7
       6
       4
       7
       6
       10
       13
       11
       8
       2
       12
       4
       7
       11
       4
       9
       3
       7
       6
       5
       4
       7
       4
       4
       4
       7
       9
       8
       10
       3
       1
       8
       5
       0
       2
       1
       5
       6
       4
       4
       1
       3
       10
       5
       3
       5
       8
       5
       6
       6
       4
       7
       5
       2
       7
       2
       3
       7
       4
       4
       4
       1
       3
       5
       9
       1
       9
       3
       5
       5
       3
       6
       10
       4
       3
       1
       4
       3
       6
       2
       3
       4
       5
       9
       6
       4
       5
       2
       4
       3
       4
       6
       4
       6
       2
       5
       7
       0
       6
       3
       2
       7
       2
       5
       1
       2
       5
       2
       5
       5
       13
       4
       5
       4
       3
       7
       4
       5
       0
       3
       2
       6
       7
       2
       3
       5
       6
       3
       5
       6
       6
       6
       3
       3
       1
       6
       5
       8
       2
       10
       4
       6
       3
       5
       4
       1
       2
       4
       6
       3
       2
       4
       5
       3
       6
       4
       2
       2
       7
       6
       6
       3
       3
       2
       2
       2
       3
       2
       3
       5
       2
       3
       5
       5
       3
       1
       3
       1
       1
       3
       4
       5
       3
       2
       5
       5
       4
       2
       4
       1
       4
       6
       2
       5
       4
       1
       2
       1
       2
       2
       1
       3
       4
       3
       5
       4
       4
       3
       3
       4
       1
       5
       5
       2
       1
       2
       3
       4
       2
       1
       7
       3
       5
       7
       1
       2
       5
       5
       7
       5
       5
       2
       4
       3
       7
       6
       1
       4
       4
       6
       3
       4
       6
       2
       2
       6
       4
       8
       3
       5
       4
       7
       2
       4
       2
       0
       6
       0
       3
       2
       5
       0
       3
       4
       2
       2
       6
       6
       4
       4
       0
       4
       3
       3
       2
       2
       2
       4
       4
       5
       5
       4
       3
       1
       2
       4
       4
       6
       5
       3
       0
       2
       7
       4
       3
       5
       4
       5
       4
       2
       2
       7
       3
       2
       4
       2
       1
       4
       4
       2
       2
       3
       2
       2
       5
       3
       1
       6
       5
       5
       2
       2
       3
       3
       3
       2
       5
       4
       4
       2
       3
       3
       0
       2
       3
       3
       2
       4
       1
       2
       5
       3
       5
       3
       2
       2
       8
       3
       5
       0
       4
       3
       4
       1
       4
       1
       1
       2
       1
       4
       6
       6
       4
       8
       1
       2
       6
       4
       5
       3
       4
       1
       2
       5
       4
       4
       2
       3
       2
       5
       3
       4
       3
       2
       2
       3
       1
       3
       4
       4
       2
       3
       7
       2
       3
       7
       2
       1
       2
       6
       3
       2
       1
       3
       2
       3
       4
       2
       4
       5
       5
       1
       1
       4
       2
       2
       1
       6
       4
       3
       2
       1
       6
       6
       1
       1
       4
       6
       2
       3
       1
       1
       0
       2
       7
       3
       1
       3
       1
       4
       3
       2
       2
       5
       1
       0
       2
       3
       2
       1
       3
       0
       3
       5
       1
       1
       4
       4
       0
       1
       1
       3
       5
       1
       2
       1
       4
       1
       0
       2
       4
       4
       3
       7
       1
       4
       0
       0
       4
       3
       4
       1
       2
       5
       4
       1
       1
       2
       2
       1
       2
       5
       7
       2
       0
       2
       2
       4
       1
       0
       2
       3
       7
       3
       1
       2
       2
       3
       3
       3
       2
       1
       2
       3
       1
       4
       2
       2
       0
       2
       4
       2
       0
       1
       6
       2
       1
       1
       1
       5
       4
       3
       8
       0
       1
       4
       6
       3
       3
       3
       1
       4
       7
       6
       3
       3
       3
       3
       2
       3
       6
       1
       1
       2
       2
       1
       3
       3
       1
       1
       2
       2
       0
       2
       2
       3
       1
       0
       4
       3
       2
       4
       4
       3
       1
       1
       2
       0
       2
       1
       4
       1
       1
       0
       5
       1
       2
       0
       5
       3
       6
       3
       3
       2
       0
       0
       1
       0
       3
       2
       2
       0
       1
       1
       4
       5
       4
       1
       1
       0
       0
       2
       1
       2
       2
       3
       3
       1
       4
       1
       2
       0
       3
       2
       1
       1
       0
       3
       3
       3
       2
       1
       4
       1
       2
       1
       4
       2
       0
       1
       2
       1
       3
       4
       2
       1
       2
       0
       1
       1
       1
       1
       0
       0
       3
       3
       2
       5
       5
       6
       0
       0
       3
       1
       1
       1
       2
       0
       2
       0
       2
       2
       1
       2
       2
       3
       2
       1
       1
       2
       1
       0
       3
       3
       2
       4
       0
       1
       2
       3
       3
       1
       2
       1
       3
       1
       3
       2
       1
       2
       3
       2
       2
       4
       3
       2
       1
       1
       4
       4
       2
       0
       0
       1
       1
       2
       1
       2
       0
       1
       1
       1
       3
       0
       1
       0
       0
       4
       0
       3
       1
       1
       3
       2
       3
       1
       2
       4
       2
       0
       0
       1
       0
       2
       2
       1
       1
       2
       2
       1
       1
       1
       2
       3
       2
       2
       1
       4
       0
       3
       3
       2
       0
       1
       1
       4
       3
       1
       3
       2
       0
       1
       2
       1
       2
       2
       0
       1
       1
       1
       3
       1
       2
       0
       2
       1
       1
       2
       1
       3
       1
       4
       3
       3
       1
       2
       3
       2
       2
       1
       1
       1
       2
       2
       2
       4
       2
       1
       0
       0
       2
       2
       0
       0
       2
       0
       1
       2
       1
       1
       2
       3
       3
       1
       1
       1
       1
       0
       5
       1
       2
       0
       3
       1
       3
       1
       1
       3
       1
       4
       4
       3
       4
       1
       1
       2
       4
       1
       2
       0
       0
       4
       0
       1
       4
       3
       1
       2
       1
       2
       0
       0
       1
       1
       3
       5
       1
       0
       1
       3
       0
       4
       2
       2
       3
       2
       2
       1
       1
       4
       1
       3
       2
       2
       3
       5
       1
       4
       1
       2
       3
       1
       0
       2
       1
       4
       2
       4
       0
       1
       3
       2
       4
       0
       3
       1
       4
       2
       2
       2
       2
       3
       4
       4
       3
       1
       1
       1
       2
       5
       2
       2
       1
       1
       6
       2
       3
       2
       3
       3
       2
       4
       4
       1
       1
       0
       2
       4
       3
       4
       3
       5
       2
       3
       1
       0
       0
       1
       1
       5
       1
       3
       1
       2
       6
       1
       2
       0
       1
       2
       0
       1
       4
       3
       3
       2
       2
       2
       1
       4
       1
       2
       4
       2
       5
       2
       2
       2
       0
       2
       0
       2
       1
       2
       0
       3
       1
       1
       1
       4
       0
       1
       0
       2
       1
       4
       1
       2
       1
       3
       4
       2
       1
       1
       1
       1
       0
       1
       2
       1
       1
       1
       3
       3
       1
       1
       1
       4
       1
       0
       2
       2
       1
       3
       0
       5
       0
       1
       2
       4
       2
       1
       2
       2
       0
       0
       1
       0
       0
       4
       1
       0
       0
       1
       0
       1
       1
       2
       2
       1
       1
       1
       0
       1
       1
       0
       1
       1
       1
       0
       0
       0
       2
       2
       1
       0
       1
       0
       0
       2
       2
       1
       0
       0
       0
       0
       0
       0
       0
       0
       0
       0
       0
       0
       0
       0
       0
       0
       0
       0
       0
       0
       0
       0
       0
       0
       0
       0
       0
       0
       0
       0
       0
       0
       0
       0
       0
       0
       0
       0
       0
       0
       0
       0
       0
       0
       0
       0
       0
       0
       0
       0
       0
       0
       0
       0
       0
       0
       0
       0
       0
       0
       0
       0
       0
       0
       0
       0
       0
       0
       0
       0
       0
       0
       0
       0
       0
       0
       0
       1
       0
       0
       0
       0
       0
       0
       0
       0
       0
       0
       0
       0
       0
       0
       0
       0
       0
       0
       0
       0
       0
       0
       0
       0
       0
       0
       0
       0
       0
       0
       0
       0
       0
       0
       0
       0
       0
       0
       0
       0
       0
       0
       0
       0
       0
       0
       0
       0
       0
       0
       0
       0
       0
       0
       0
       0
       0
       0
       0
       0
       0
       0
       0
       0
       0
       0
       0
       0
       0
       0
       0
       0
       0
       0
       0
       0
       0
       0
       0
       0
       0
       0
       0
       0
       0
       0
       0
       0
       0
       0
       0
       0
       0
       0
