$SPEC_ID:
No sample description was entered.
$SPEC_REM:
DET# 2
DETDESC# FP-COMPTON2 MCB 130
AP# Maestro Version 7.01
$DATE_MEA:
12/12/2024 11:43:25
$MEAS_TIM:
245 250
$DATA:
       0
       0
       0
       0
       0
       0
       0
       0
       0
       0
       0
       1
       5
       3
       4
       5
       4
       5
       3
       7
       27
       64
       92
       99
       121
       133
       168
       192
       186
       223
       261
       294
       302
       330
       389
       447
       428
       476
       464
       545
       619
       631
       710
       766
       787
       841
       880
       952
       984
       976
       942
       1029
       1003
       1009
       1033
       1000
       1047
       969
       1012
       1069
       1035
       1055
       1006
       1104
       1051
       1078
       1059
       1048
       1050
       1028
       1058
       1013
       1077
       996
       951
       916
       930
       869
       866
       843
       855
       812
       790
       770
       734
       689
       678
       637
       659
       629
       620
       594
       567
       576
       574
       506
       525
       502
       527
       496
       485
       471
       510
       485
       482
       465
       488
       466
       477
       482
       474
       490
       463
       462
       463
       483
       466
       485
       529
       480
       507
       485
       520
       531
       545
       516
       554
       542
       552
       564
       565
       583
       567
       606
       584
       616
       643
       565
       612
       601
       659
       628
       595
       642
       618
       628
       655
       605
       624
       670
       652
       655
       668
       680
       621
       653
       630
       656
       600
       641
       637
       651
       608
       626
       615
       634
       597
       578
       575
       607
       641
       614
       598
       662
       563
       575
       598
       608
       603
       591
       613
       544
       587
       560
       562
       550
       554
       584
       579
       599
       551
       576
       617
       548
       563
       580
       568
       598
       577
       561
       621
       547
       586
       600
       574
       530
       601
       590
       621
       596
       571
       640
       610
       607
       607
       606
       574
       661
       597
       632
       609
       636
       613
       648
       602
       601
       651
       607
       633
       650
       592
       684
       661
       658
       647
       575
       647
       670
       662
       697
       667
       655
       618
       655
       681
       691
       655
       694
       696
       669
       704
       706
       691
       678
       735
       680
       715
       660
       718
       726
       691
       718
       743
       729
       738
       728
       786
       785
       748
       789
       765
       775
       800
       785
       745
       780
       802
       835
       761
       794
       809
       831
       781
       852
       811
       786
       802
       810
       851
       855
       806
       933
       882
       885
       825
       899
       856
       873
       897
       817
       901
       840
       924
       861
       897
       890
       859
       912
       908
       869
       937
       936
       913
       905
       962
       911
       982
       857
       875
       898
       858
       966
       924
       915
       900
       845
       935
       949
       951
       944
       878
       941
       933
       922
       897
       896
       938
       913
       881
       906
       853
       871
       832
       863
       881
       825
       872
       875
       837
       915
       848
       864
       804
       849
       812
       826
       806
       854
       835
       818
       850
       836
       796
       809
       834
       843
       837
       819
       788
       799
       823
       776
       774
       794
       814
       783
       747
       781
       775
       788
       777
       801
       807
       761
       760
       784
       737
       816
       841
       750
       743
       779
       791
       745
       669
       774
       720
       709
       698
       746
       713
       751
       748
       717
       735
       757
       741
       737
       765
       708
       724
       729
       737
       745
       739
       694
       696
       719
       738
       683
       717
       710
       729
       689
       712
       692
       716
       637
       683
       666
       753
       675
       675
       680
       678
       624
       665
       753
       665
       649
       653
       702
       695
       673
       706
       687
       680
       654
       659
       653
       706
       689
       656
       701
       639
       665
       634
       678
       621
       644
       660
       672
       631
       641
       685
       686
       718
       692
       687
       674
       621
       650
       629
       691
       620
       684
       656
       646
       667
       652
       641
       688
       639
       689
       655
       639
       664
       656
       645
       704
       718
       643
       676
       610
       658
       672
       635
       662
       622
       651
       677
       647
       627
       639
       637
       692
       662
       641
       641
       650
       650
       648
       664
       662
       637
       655
       672
       707
       680
       605
       636
       629
       639
       695
       664
       639
       654
       637
       666
       581
       673
       702
       635
       653
       691
       625
       655
       631
       655
       665
       681
       616
       648
       625
       699
       670
       649
       618
       669
       635
       668
       657
       624
       586
       648
       615
       635
       609
       710
       661
       610
       624
       676
       631
       637
       637
       631
       656
       632
       611
       668
       608
       634
       608
       603
       598
       593
       604
       646
       594
       569
       617
       609
       604
       614
       574
       581
       633
       609
       626
       579
       592
       591
       565
       581
       538
       579
       540
       564
       542
       525
       538
       601
       546
       511
       556
       550
       527
       486
       510
       508
       563
       514
       568
       527
       513
       538
       524
       468
       508
       502
       492
       490
       516
       447
       473
       452
       447
       486
       440
       462
       441
       443
       427
       450
       409
       427
       420
       432
       404
       432
       430
       388
       413
       404
       398
       351
       386
       388
       370
       351
       367
       334
       371
       369
       325
       353
       327
       340
       357
       323
       331
       334
       333
       305
       317
       308
       336
       355
       321
       305
       332
       321
       323
       323
       315
       313
       304
       306
       330
       294
       320
       335
       303
       297
       322
       311
       280
       293
       305
       314
       312
       269
       290
       285
       292
       300
       280
       309
       276
       293
       290
       308
       310
       309
       290
       298
       322
       325
       332
       319
       341
       312
       325
       328
       319
       330
       358
       331
       327
       364
       360
       350
       365
       362
       397
       388
       394
       412
       385
       423
       393
       409
       411
       427
       437
       441
       426
       460
       484
       478
       510
       478
       478
       490
       529
       521
       518
       533
       543
       621
       583
       593
       579
       591
       667
       596
       642
       617
       676
       706
       734
       711
       711
       777
       710
       797
       761
       767
       838
       791
       825
       818
       846
       880
       929
       879
       941
       905
       939
       987
       1010
       1035
       1042
       1089
       1063
       1120
       1104
       1129
       1166
       1130
       1151
       1260
       1141
       1260
       1236
       1272
       1286
       1277
       1324
       1412
       1312
       1389
       1449
       1365
       1399
       1458
       1463
       1499
       1554
       1534
       1566
       1522
       1621
       1587
       1597
       1667
       1640
       1725
       1623
       1675
       1779
       1780
       1793
       1760
       1764
       1846
       1801
       1835
       1925
       1916
       1905
       1897
       1927
       1927
       1937
       2010
       1997
       1945
       1987
       1981
       1985
       1969
       2102
       2023
       2098
       2047
       2005
       2010
       2009
       2033
       2119
       2078
       2014
       2050
       2095
       2071
       2128
       2118
       2014
       2084
       2036
       2083
       2044
       1978
       2049
       2040
       2057
       2035
       1982
       2038
       1997
       1951
       1993
       2083
       1959
       1925
       1924
       1914
       1917
       1880
       1882
       1917
       1851
       1851
       1858
       1704
       1723
       1739
       1743
       1778
       1694
       1676
       1626
       1710
       1662
       1675
       1577
       1540
       1491
       1482
       1591
       1412
       1492
       1421
       1395
       1438
       1404
       1303
       1382
       1285
       1286
       1278
       1283
       1227
       1177
       1188
       1227
       1099
       1155
       1075
       1030
       1049
       1007
       1005
       918
       977
       944
       954
       862
       903
       869
       829
       840
       802
       859
       799
       763
       775
       737
       724
       699
       640
       649
       634
       640
       639
       623
       573
       577
       515
       550
       538
       543
       467
       505
       488
       472
       447
       430
       437
       436
       422
       432
       376
       373
       376
       371
       358
       343
       323
       304
       324
       310
       312
       293
       294
       297
       261
       261
       260
       243
       237
       241
       265
       266
       252
       210
       201
       219
       224
       176
       208
       175
       189
       177
       173
       171
       184
       159
       158
       165
       165
       131
       160
       159
       131
       154
       162
       140
       155
       129
       137
       136
       155
       110
       138
       120
       126
       124
       136
       123
       112
       129
       116
       102
       134
       132
       96
       119
       114
       128
       92
       101
       86
       91
       108
       86
       102
       84
       103
       117
       86
       99
       81
       92
       71
       77
       85
       78
       97
       81
       112
       90
       94
       73
       99
       77
       84
       88
       103
       77
       88
       83
       87
       81
       71
       96
       81
       84
       102
       81
       77
       90
       75
       84
       87
       79
       91
       91
       89
       80
       79
       86
       101
       86
       84
       67
       86
       70
       61
       70
       83
       69
       64
       75
       69
       73
       79
       80
       66
       69
       84
       82
       81
       74
       81
       91
       83
       90
       74
       80
       71
       80
       73
       71
       79
       73
       61
       71
       65
       67
       62
       71
       77
       71
       82
       67
       83
       77
       64
       62
       78
       74
       79
       83
       62
       68
       82
       70
       68
       67
       86
       73
       69
       85
       63
       68
       72
       68
       71
       64
       86
       74
       55
       66
       74
       69
       68
       78
       81
       75
       72
       63
       74
       75
       73
       65
       59
       77
       71
       55
       54
       79
       79
       83
       81
       70
       68
       51
       65
       79
       49
       75
       47
       77
       62
       63
       71
       73
       53
       76
       73
       63
       60
       64
       49
       76
       69
       68
       74
       70
       76
       68
       62
       57
       86
       67
       69
       65
       71
       65
       66
       53
       74
       54
       74
       54
       62
       73
       57
       53
       69
       73
       68
       60
       77
       57
       57
       52
       62
       67
       61
       70
       63
       68
       50
       62
       70
       50
       55
       65
       58
       55
       69
       64
       63
       58
       61
       62
       61
       62
       59
       52
       64
       51
       53
       61
       67
       63
       59
       66
       53
       68
       59
       54
       68
       64
       73
       56
       70
       66
       61
       55
       54
       72
       62
       53
       44
       60
       64
       57
       56
       64
       56
       50
       49
       77
       56
       54
       57
       51
       58
       50
       59
       54
       44
       68
       60
       46
       52
       54
       54
       65
       55
       53
       55
       57
       53
       46
       60
       60
       56
       53
       46
       55
       57
       58
       56
       54
       52
       51
       39
       46
       48
       43
       58
       54
       44
       53
       44
       43
       47
       52
       56
       44
       56
       52
       44
       48
       57
       49
       50
       52
       47
       38
       46
       41
       46
       51
       47
       50
       36
       41
       45
       40
       45
       49
       43
       37
       37
       53
       35
       46
       44
       45
       52
       49
       42
       48
       46
       48
       47
       39
       37
       42
       36
       37
       48
       39
       41
       23
       31
       42
       39
       36
       43
       28
       31
       46
       35
       44
       33
       29
       39
       42
       41
       38
       38
       29
       41
       28
       27
       28
       20
       30
       22
       24
       23
       33
       40
       20
       40
       32
       29
       22
       33
       25
       28
       32
       23
       32
       19
       22
       21
       28
       20
       30
       27
       24
       21
       18
       23
       17
       23
       22
       32
       12
       18
       17
       19
       20
       16
       17
       18
       18
       26
       19
       17
       24
       23
       17
       17
       18
       19
       17
       16
       17
       23
       13
       19
       19
       18
       14
       15
       10
       15
       19
       17
       11
       13
       13
       12
       15
       16
       13
       15
       13
       14
       13
       14
       10
       7
       14
       6
       6
       11
       11
       15
       14
       5
       12
       10
       12
       11
       10
       6
       9
       7
       10
       7
       4
       12
       6
       10
       11
       10
       4
       6
       9
       5
       4
       5
       4
       7
       7
       5
       8
       8
       5
       11
       5
       6
       6
       7
       5
       6
       4
       2
       11
       4
       7
       7
       3
       7
       7
       2
       6
       3
       4
       2
       7
       6
       3
       5
       6
       3
       6
       2
       3
       3
       6
       6
       3
       5
       5
       7
       9
       4
       2
       3
       3
       2
       3
       2
       0
       4
       7
       5
       2
       1
       2
       1
       5
       5
       5
       3
       5
       3
       3
       1
       7
       3
       1
       0
       4
       3
       4
       3
       3
       4
       4
       2
       4
       3
       2
       4
       4
       3
       2
       2
       3
       4
       2
       4
       4
       1
       2
       1
       2
       2
       2
       5
       2
       2
       2
       2
       6
       3
       5
       3
       1
       0
       4
       2
       6
       1
       4
       1
       2
       4
       3
       4
       4
       3
       2
       2
       3
       5
       3
       1
       2
       1
       2
       1
       2
       2
       4
       1
       3
       3
       5
       0
       3
       2
       0
       3
       0
       1
       3
       3
       2
       3
       2
       0
       4
       2
       4
       4
       0
       3
       3
       4
       1
       3
       1
       5
       4
       3
       4
       2
       2
       3
       2
       4
       3
       1
       2
       0
       3
       4
       0
       3
       2
       0
       3
       5
       3
       2
       1
       1
       6
       2
       0
       2
       2
       3
       4
       4
       2
       3
       3
       0
       0
       3
       3
       0
       1
       2
       3
       3
       2
       4
       0
       0
       2
       0
       0
       1
       2
       2
       2
       2
       6
       1
       2
       1
       2
       2
       2
       0
       3
       0
       3
       0
       3
       5
       3
       1
       1
       3
       1
       2
       1
       2
       2
       3
       2
       2
       1
       0
       3
       4
       3
       3
       2
       5
       2
       1
       4
       2
       2
       0
       3
       2
       0
       3
       1
       2
       1
       2
       4
       0
       3
       0
       2
       2
       2
       3
       2
       1
       1
       1
       0
       3
       0
       0
       4
       1
       2
       1
       2
       0
       2
       2
       0
       2
       0
       2
       0
       0
       1
       1
       1
       3
       5
       3
       1
       1
       0
       2
       0
       0
       0
       1
       0
       1
       2
       1
       1
       0
       0
       0
       1
       0
       3
       2
       1
       0
       1
       2
       1
       0
       1
       1
       1
       0
       2
       1
       1
       2
       0
       1
       0
       0
       1
       0
       0
       1
       0
       3
       1
       0
       0
       0
       0
       0
       1
       0
       0
       1
       0
       1
       0
       1
       0
       0
       1
       0
       0
       0
       0
       0
       0
       0
       0
       0
       0
       0
       0
       0
       0
       0
       0
       0
       0
       0
       0
       0
       0
       0
       0
       0
       0
       0
       0
       0
       0
       0
       0
       0
       0
       0
       0
       0
       0
       0
       0
       0
       0
       0
       0
       0
       0
       0
       0
       0
       0
       0
       0
       0
       0
       0
       0
       0
       0
       0
       0
       0
       0
       0
       0
       0
       0
       0
       0
       0
       0
       0
       0
       0
       0
       0
       0
       0
       0
       0
       0
       0
       0
       0
       0
       0
       0
       0
       0
       0
       0
       0
       0
       0
       0
       0
       0
       0
       0
       0
       0
       0
       0
       0
       0
       0
       0
       0
       0
       0
       0
       0
       0
       0
       0
       0
       0
       0
       0
       0
       0
       0
       0
       0
       0
       0
       0
       0
       0
       0
       0
       0
       0
       0
       0
       0
       0
       0
       0
       0
       0
       0
       0
       0
       0
       0
       0
       0
       0
       0
       0
       0
       0
       0
       0
       0
       0
       0
       0
       0
       0
       0
       0
       0
       0
       0
       0
       0
       0
       0
       0
