Kommentar: Sen: 
Zeit: 01.11.2024	17:15
Startenergie: 10
Endenergie: 1500
Energieschritt: 2
Sensitivity: 300 uV
TC: 300 ms
Phase: Phase: 156
10	1008
12	884
14	1364
16	2330
18	2544
20	2342
22	1925
24	1883
26	3504
28	5120
30	6207
32	6894
34	7045
36	6953
38	6680
40	6364
42	6034
44	5746
46	5410
48	5155
50	4886
52	4635
54	4668
56	4926
58	5406
60	5979
62	7291
64	8572
66	9386
68	6656
70	980
72	-3947
74	-7636
76	-8985
78	-8608
80	-7406
82	-6223
84	-5076
86	-4080
88	-3200
90	-2541
92	-1865
94	-1310
96	-954
98	-588
100	-312
102	-128
104	13
106	170
108	273
110	347
112	381
114	414
116	424
118	414
120	416
122	420
124	402
126	371
128	347
130	342
132	331
134	339
136	356
138	349
140	338
142	336
144	341
146	357
148	367
150	376
152	369
154	368
156	383
158	393
160	387
162	372
164	366
166	358
168	354
170	366
172	360
174	355
176	334
178	328
180	305
182	283
184	279
186	267
188	260
190	265
192	289
194	291
196	271
198	263
200	260
202	269
204	274
206	290
208	297
210	298
212	308
214	318
216	314
218	308
220	304
222	306
224	304
226	308
228	327
230	341
232	334
234	328
236	331
238	333
240	359
242	356
244	362
246	355
248	350
250	351
252	357
254	341
256	325
258	307
260	276
262	269
264	273
266	269
268	252
270	183
272	100
274	-23
276	-106
278	-159
280	-177
282	-162
284	-110
286	-101
288	-92
290	-57
292	-24
294	22
296	72
298	92
300	119
302	179
304	213
306	221
308	225
310	224
312	246
314	265
316	266
318	240
320	194
322	169
324	184
326	212
328	223
330	251
332	275
334	267
336	264
338	252
340	255
342	255
344	225
346	205
348	203
350	196
352	178
354	165
356	169
358	193
360	179
362	151
364	141
366	141
368	134
370	138
372	144
374	177
376	199
378	222
380	243
382	245
384	222
386	207
388	195
390	168
392	131
394	97
396	120
398	156
400	171
402	163
404	151
406	145
408	158
410	187
412	221
414	257
416	313
418	286
420	258
422	248
424	230
426	221
428	230
430	241
432	252
434	266
436	273
438	282
440	274
442	249
444	224
446	209
448	207
450	183
452	185
454	210
456	251
458	241
460	256
462	263
464	277
466	296
468	304
470	320
472	343
474	337
476	362
478	350
480	320
482	332
484	347
486	335
488	322
490	333
492	322
494	308
496	283
498	280
500	310
502	337
504	342
506	344
508	346
510	370
512	347
514	301
516	281
518	276
520	308
522	333
524	335
526	352
528	344
530	344
532	319
534	288
536	298
538	320
540	335
542	322
544	299
546	290
548	301
550	291
552	314
554	352
556	350
558	360
560	353
562	348
564	338
566	361
568	363
570	353
572	313
574	299
576	264
578	229
580	212
582	221
584	209
586	233
588	284
590	319
592	334
594	372
596	442
598	457
600	455
602	442
604	405
606	400
608	400
610	392
612	369
614	328
616	317
618	333
620	325
622	340
624	379
626	402
628	431
630	454
632	482
634	520
636	551
638	502
640	464
642	442
644	430
646	479
648	487
650	509
652	521
654	480
656	512
658	528
660	514
662	503
664	487
666	491
668	495
670	528
672	581
674	618
676	617
678	637
680	658
682	670
684	649
686	637
688	607
690	633
692	616
694	594
696	606
698	621
700	596
702	604
704	581
706	537
708	524
710	498
712	463
714	493
716	581
718	645
720	669
722	671
724	660
726	701
728	702
730	680
732	681
734	683
736	721
738	761
740	775
742	747
744	739
746	726
748	689
750	660
752	631
754	631
756	642
758	655
760	627
762	630
764	644
766	624
768	626
770	627
772	605
774	591
776	588
778	566
780	555
782	585
784	626
786	674
788	685
790	696
792	699
794	721
796	742
798	739
800	708
802	691
804	724
806	786
808	788
810	801
812	783
814	741
816	679
818	663
820	638
822	639
824	654
826	664
828	702
830	695
832	688
834	700
836	681
838	686
840	652
842	651
844	668
846	642
848	651
850	694
852	716
854	770
856	839
858	879
860	884
862	848
864	838
866	805
868	767
870	778
872	771
874	830
876	882
878	931
880	978
882	966
884	923
886	900
888	902
890	922
892	932
894	933
896	948
898	978
900	956
902	952
904	961
906	971
908	1000
910	955
912	859
914	785
916	773
918	710
920	690
922	685
924	647
926	656
928	644
930	619
932	638
934	622
936	656
938	704
940	738
942	780
944	883
946	919
948	918
950	875
952	822
954	844
956	864
958	882
960	861
962	829
964	765
966	760
968	774
970	782
972	813
974	829
976	808
978	848
980	906
982	930
984	969
986	964
988	978
990	984
992	985
994	937
996	940
998	935
1000	959
1002	982
1004	1030
1006	1057
1008	1061
1010	1094
1012	1110
1014	1101
1016	1065
1018	1045
1020	1017
1022	1007
1024	1022
1026	1015
1028	993
1030	983
1032	945
1034	910
1036	879
1038	846
1040	845
1042	918
1044	978
1046	1009
1048	980
1050	892
1052	829
1054	776
1056	792
1058	849
1060	955
1062	982
1064	992
1066	973
1068	1014
1070	1089
1072	1108
1074	1105
1076	1126
1078	1146
1080	1174
1082	1137
1084	1064
1086	1000
1088	956
1090	965
1092	988
1094	1021
1096	1084
1098	1131
1100	1121
1102	1075
1104	1040
1106	1006
1108	937
1110	924
1112	1013
1114	1119
1116	1135
1118	1137
1120	1142
1122	1152
1124	1169
1126	1142
1128	1105
1130	1060
1132	1074
1134	1095
1136	1104
1138	1094
1140	1089
1142	1098
1144	1122
1146	1155
1148	1208
1150	1192
1152	1188
1154	1181
1156	1212
1158	1255
1160	1242
1162	1179
1164	1125
1166	1090
1168	1034
1170	990
1172	1030
1174	1081
1176	1130
1178	1146
1180	1124
1182	1148
1184	1164
1186	1160
1188	1184
1190	1220
1192	1234
1194	1219
1196	1177
1198	1124
1200	1115
1202	1144
1204	1133
1206	1101
1208	1114
1210	1173
1212	1222
1214	1232
1216	1257
1218	1208
1220	1156
1222	1096
1224	1109
1226	1131
1228	1119
1230	1113
1232	1131
1234	1123
1236	1142
1238	1218
1240	1317
1242	1389
1244	1411
1246	1394
1248	1351
1250	1338
1252	1371
1254	1394
1256	1390
1258	1398
1260	1388
1262	1378
1264	1427
1266	1451
1268	1461
1270	1502
1272	1536
1274	1523
1276	1495
1278	1455
1280	1487
1282	1524
1284	1535
1286	1562
1288	1552
1290	1486
1292	1481
1294	1507
1296	1514
1298	1465
1300	1416
1302	1428
1304	1434
1306	1521
1308	1644
1310	1714
1312	1702
1314	1666
1316	1648
1318	1582
1320	1508
1322	1481
1324	1553
1326	1631
1328	1628
1330	1510
1332	1373
1334	1227
1336	1057
1338	960
1340	932
1342	1069
1344	1245
1346	1320
1348	1341
1350	1295
1352	1177
1354	1116
1356	1077
1358	1120
1360	1273
1362	1366
1364	1295
1366	1154
1368	1000
1370	854
1372	754
1374	818
1376	984
1378	1180
1380	918
1382	350
1384	-225
1386	-787
1388	-1082
1390	-1214
1392	-1214
1394	-1026
1396	-690
1398	-528
1400	-462
1402	-508
1404	-437
1406	-240
1408	-28
1410	156
1412	289
1414	508
1416	777
1418	922
1420	1007
1422	1072
1424	1113
1426	1186
1428	1273
1430	1378
1432	1398
1434	1401
1436	1400
1438	1387
1440	1368
1442	1390
1444	1382
1446	1340
1448	1313
1450	1306
1452	1313
1454	1312
1456	1379
1458	1389
1460	1376
1462	1351
1464	1298
1466	1282
1468	1265
1470	1298
1472	1226
1474	1143
1476	1057
1478	1055
1480	1168
1482	1312
1484	1377
1486	1401
1488	1395
1490	1352
1492	1355
1494	1353
1496	1361
1498	1324
1500	1404
