Kommentar: 
Zeit: 05.11.2024	09:50
Startenergie: 10
Endenergie: 1600
Energieschritt: 2
Sensitivity: 100 mV
TC: 3 ms
Phase: Phase: 156
10	4
12	-161
14	308
16	92
18	0
20	-1
22	0
24	503
26	478
28	23
30	26
32	31
34	-12
36	0
38	-6
40	-8
42	12
44	-1
46	8
48	21
50	10
52	26
54	3
56	19
58	1
60	-35
62	-91
64	-90
66	-165
68	-278
70	-251
72	-118
74	-7
76	-9
78	4
80	-5
82	-1
84	-6
86	-8
88	9
90	4
92	4
94	4
96	2
98	11
100	2
102	11
104	6
106	-4
108	9
110	3
112	6
114	10
116	-2
118	4
120	0
122	7
124	0
126	0
128	10
130	9
132	7
134	15
136	5
138	8
140	13
142	3
144	-2
146	9
148	-4
150	6
152	6
154	17
156	16
158	4
160	4
162	4
164	3
166	16
168	10
170	15
172	-1
174	-4
176	7
178	-2
180	10
182	0
184	1
186	8
188	6
190	-2
192	8
194	3
196	12
198	1
200	1
202	7
204	14
206	6
208	-2
210	9
212	-1
214	10
216	12
218	5
220	9
222	1
224	11
226	18
228	13
230	6
232	5
234	13
236	15
238	15
240	7
242	26
244	16
246	14
248	18
250	9
252	5
254	11
256	10
258	12
260	19
262	33
264	21
266	-19
268	-42
270	-59
272	-60
274	-51
276	-33
278	-3
280	3
282	7
284	9
286	8
288	0
290	3
292	-6
294	-2
296	-2
298	8
300	2
302	5
304	6
306	2
308	2
310	5
312	7
314	3
316	13
318	-6
320	7
322	20
324	5
326	13
328	10
330	1
332	12
334	0
336	-2
338	15
340	1
342	-4
344	9
346	9
348	-3
350	5
352	5
354	0
356	10
358	9
360	19
362	2
364	8
366	10
368	0
370	13
372	0
374	4
376	0
378	2
380	-7
382	-3
384	6
386	9
388	0
390	6
392	0
394	7
396	17
398	15
400	4
402	0
404	12
406	8
408	14
410	12
412	6
414	8
416	6
418	8
420	15
422	7
424	9
426	9
428	2
430	3
432	1
434	13
436	14
438	-5
440	17
442	19
444	-3
446	-1
448	16
450	11
452	-6
454	16
456	13
458	15
460	12
462	16
464	11
466	20
468	15
470	6
472	12
474	17
476	25
478	18
480	16
482	5
484	8
486	-2
488	-8
490	12
492	17
494	50
496	39
498	58
500	-9
502	-6
504	-33
506	-32
508	-50
510	-31
512	-17
514	-4
516	3
518	4
520	15
522	7
524	-1
526	19
528	3
530	0
532	18
534	1
536	14
538	-2
540	2
542	1
544	7
546	6
548	12
550	13
552	12
554	2
556	9
558	28
560	6
562	9
564	8
566	17
568	24
570	19
572	16
574	20
576	16
578	4
580	14
582	25
584	12
586	10
588	-6
590	10
592	9
594	-8
596	7
598	6
600	-1
602	9
604	14
606	21
608	15
610	15
612	36
614	20
616	21
618	17
620	3
622	26
624	5
626	10
628	14
630	3
632	35
634	6
636	19
638	23
640	14
642	17
644	26
646	12
648	7
650	35
652	25
654	10
656	7
658	3
660	23
662	30
664	8
666	7
668	10
670	12
672	9
674	12
676	9
678	17
680	14
682	35
684	18
686	14
688	21
690	35
692	10
694	20
696	15
698	10
700	8
702	8
704	15
706	16
708	20
710	20
712	10
714	0
716	10
718	17
720	13
722	4
724	17
726	1
728	21
730	3
732	2
734	27
736	17
738	22
740	22
742	9
744	20
746	5
748	21
750	11
752	20
754	-2
756	8
758	2
760	15
762	2
764	25
766	5
768	23
770	18
772	11
774	18
776	18
778	2
780	11
782	9
784	16
786	11
788	7
790	24
792	15
794	25
796	5
798	21
800	22
802	15
804	12
806	7
808	13
810	14
812	32
814	34
816	17
818	8
820	25
822	16
824	5
826	28
828	11
830	11
832	10
834	24
836	10
838	-6
840	20
842	11
844	15
846	19
848	33
850	37
852	26
854	19
856	5
858	25
860	20
862	12
864	20
866	21
868	22
870	21
872	34
874	35
876	27
878	29
880	17
882	29
884	32
886	14
888	45
890	36
892	34
894	10
896	31
898	27
900	13
902	21
904	9
906	28
908	44
910	30
912	27
914	7
916	23
918	16
920	17
922	5
924	14
926	10
928	22
930	21
932	15
934	30
936	24
938	20
940	30
942	20
944	26
946	26
948	27
950	55
952	11
954	34
956	40
958	31
960	4
962	37
964	25
966	16
968	18
970	53
972	26
974	21
976	24
978	13
980	15
982	33
984	7
986	9
988	5
990	20
992	17
994	42
996	23
998	30
1000	27
1002	15
1004	3
1006	23
1008	10
1010	32
1012	15
1014	8
1016	36
1018	46
1020	27
1022	32
1024	17
1026	32
1028	40
1030	11
1032	35
1034	35
1036	26
1038	23
1040	28
1042	12
1044	24
1046	36
1048	30
1050	39
1052	17
1054	31
1056	15
1058	19
1060	14
1062	35
1064	29
1066	18
1068	41
1070	21
1072	32
1074	53
1076	13
1078	27
1080	15
1082	10
1084	24
1086	36
1088	23
1090	21
1092	15
1094	34
1096	29
1098	23
1100	34
1102	28
1104	37
1106	60
1108	16
1110	27
1112	49
1114	36
1116	29
1118	28
1120	27
1122	35
1124	41
1126	35
1128	22
1130	39
1132	28
1134	11
1136	47
1138	4
1140	61
1142	18
1144	24
1146	17
1148	34
1150	28
1152	36
1154	48
1156	19
1158	23
1160	59
1162	39
1164	35
1166	28
1168	39
1170	9
1172	32
1174	31
1176	-2
1178	18
1180	31
1182	-6
1184	25
1186	43
1188	11
1190	27
1192	27
1194	28
1196	22
1198	41
1200	22
1202	17
1204	58
1206	34
1208	0
1210	12
1212	32
1214	18
1216	29
1218	32
1220	38
1222	36
1224	49
1226	40
1228	42
1230	58
1232	44
1234	13
1236	13
1238	43
1240	38
1242	31
1244	38
1246	10
1248	47
1250	10
1252	18
1254	15
1256	21
1258	50
1260	45
1262	26
1264	54
1266	30
1268	42
1270	49
1272	31
1274	48
1276	27
1278	6
1280	42
1282	36
1284	33
1286	43
1288	37
1290	32
1292	18
1294	46
1296	33
1298	49
1300	46
1302	47
1304	31
1306	28
1308	42
1310	23
1312	61
1314	62
1316	35
1318	42
1320	38
1322	0
1324	44
1326	39
1328	25
1330	60
1332	8
1334	30
1336	19
1338	38
1340	31
1342	1
1344	51
1346	21
1348	33
1350	26
1352	41
1354	54
1356	27
1358	15
1360	31
1362	17
1364	52
1366	58
1368	28
1370	9
1372	-1
1374	1
1376	-4
1378	-2
1380	-27
1382	22
1384	18
1386	0
1388	19
1390	27
1392	17
1394	11
1396	-3
1398	14
1400	37
1402	24
1404	34
1406	17
1408	66
1410	34
1412	37
1414	25
1416	37
1418	41
1420	20
1422	38
1424	26
1426	83
1428	16
1430	40
1432	40
1434	50
1436	29
1438	36
1440	37
1442	24
1444	39
1446	25
1448	43
1450	63
1452	30
1454	35
1456	46
1458	57
1460	28
1462	62
1464	10
1466	27
1468	58
1470	11
1472	32
1474	30
1476	37
1478	49
1480	11
1482	8
1484	49
1486	29
1488	31
1490	34
1492	44
1494	10
1496	34
1498	68
1500	50
1502	44
1504	43
1506	45
1508	52
1510	48
1512	58
1514	34
1516	54
1518	20
1520	24
1522	31
1524	33
1526	39
1528	25
1530	17
1532	18
1534	50
1536	40
1538	26
1540	25
1542	52
1544	17
1546	56
1548	30
1550	31
1552	48
1554	28
1556	8
1558	43
1560	29
1562	29
1564	44
1566	54
1568	36
1570	17
1572	68
1574	44
1576	20
1578	31
1580	60
1582	31
1584	57
1586	33
1588	52
1590	14
1592	45
1594	65
1596	32
1598	12
1600	31
