Kommentar: 
Zeit: 05.11.2024	09:53
Startenergie: 10
Endenergie: 1600
Energieschritt: 2
Sensitivity: 1 mV
TC: 3 ms
Phase: Phase: 156
10	277
12	432
14	15000
16	-35
18	-124
20	-78
22	-83
24	12425
26	10131
28	10829
30	7521
32	-32
34	-382
36	-335
38	-293
40	-315
42	575
44	148
46	358
48	-88
50	605
52	483
54	447
56	365
58	-301
60	-937
62	-1315
64	-2587
66	-4898
68	-8657
70	-7545
72	-3376
74	-358
76	50
78	-258
80	-256
82	-117
84	-268
86	-125
88	180
90	4
92	111
94	-161
96	514
98	201
100	-96
102	311
104	193
106	146
108	-41
110	380
112	257
114	-283
116	114
118	61
120	247
122	248
124	191
126	82
128	286
130	147
132	-18
134	-52
136	296
138	59
140	222
142	297
144	28
146	148
148	-163
150	48
152	10
154	150
156	3
158	221
160	167
162	-118
164	307
166	155
168	15
170	167
172	149
174	26
176	374
178	82
180	397
182	-208
184	253
186	90
188	-260
190	266
192	327
194	319
196	-4
198	214
200	469
202	80
204	244
206	163
208	160
210	6
212	280
214	295
216	431
218	322
220	83
222	128
224	356
226	31
228	177
230	421
232	42
234	160
236	570
238	278
240	619
242	560
244	739
246	601
248	176
250	-37
252	378
254	328
256	515
258	418
260	550
262	967
264	688
266	-423
268	-1498
270	-1823
272	-1909
274	-1781
276	-650
278	-569
280	22
282	501
284	-124
286	31
288	-121
290	-200
292	87
294	-31
296	-116
298	227
300	48
302	107
304	81
306	232
308	-121
310	188
312	41
314	46
316	-224
318	-99
320	-196
322	336
324	-33
326	-11
328	21
330	106
332	292
334	-69
336	-2
338	-33
340	266
342	385
344	-96
346	-64
348	443
350	155
352	195
354	265
356	483
358	336
360	126
362	110
364	234
366	144
368	141
370	-107
372	283
374	545
376	-163
378	-138
380	-109
382	-326
384	271
386	-70
388	300
390	352
392	184
394	108
396	-278
398	-74
400	-16
402	130
404	571
406	-8
408	199
410	97
412	-325
414	66
416	-8
418	-86
420	196
422	-41
424	106
426	-153
428	424
430	-30
432	263
434	76
436	697
438	274
440	333
442	216
444	-75
446	297
448	752
450	534
452	219
454	-122
456	481
458	391
460	287
462	125
464	264
466	544
468	691
470	15
472	524
474	451
476	311
478	928
480	795
482	26
484	-54
486	-162
488	5
490	367
492	517
494	674
496	799
498	919
500	760
502	-522
504	-1221
506	-1490
508	-1025
510	-811
512	-811
514	-7
516	-121
518	140
520	503
522	6
524	-129
526	516
528	5
530	-17
532	80
534	294
536	416
538	683
540	572
542	262
544	426
546	73
548	305
550	178
552	440
554	112
556	91
558	56
560	539
562	-90
564	115
566	369
568	-16
570	-155
572	277
574	303
576	257
578	3
580	391
582	412
584	424
586	313
588	72
590	439
592	379
594	407
596	578
598	-33
600	280
602	436
604	724
606	-66
608	245
610	365
612	106
614	54
616	270
618	411
620	243
622	464
624	538
626	279
628	512
630	739
632	427
634	-88
636	576
638	196
640	-144
642	707
644	546
646	367
648	164
650	393
652	-72
654	229
656	288
658	294
660	-51
662	310
664	196
666	598
668	296
670	474
672	523
674	607
676	200
678	501
680	803
682	916
684	385
686	222
688	344
690	435
692	184
694	695
696	417
698	153
700	96
702	163
704	190
706	129
708	457
710	298
712	819
714	691
716	498
718	485
720	164
722	659
724	388
726	478
728	610
730	332
732	266
734	930
736	285
738	426
740	433
742	16
744	-27
746	325
748	506
750	607
752	295
754	283
756	402
758	452
760	335
762	646
764	550
766	511
768	130
770	485
772	753
774	-56
776	320
778	309
780	419
782	731
784	840
786	187
788	481
790	157
792	358
794	752
796	256
798	511
800	1
802	885
804	571
806	331
808	494
810	854
812	690
814	280
816	698
818	473
820	214
822	421
824	692
826	550
828	289
830	402
832	794
834	446
836	706
838	212
840	21
842	237
844	715
846	181
848	554
850	78
852	643
854	148
856	103
858	506
860	199
862	444
864	160
866	196
868	251
870	688
872	212
874	391
876	690
878	316
880	711
882	736
884	680
886	-7
888	501
890	713
892	560
894	231
896	1270
898	208
900	327
902	811
904	257
906	367
908	-36
910	546
912	504
914	518
916	431
918	370
920	374
922	225
924	225
926	998
928	562
930	597
932	1195
934	847
936	60
938	592
940	946
942	332
944	437
946	283
948	681
950	497
952	391
954	966
956	701
958	781
960	307
962	309
964	62
966	977
968	548
970	43
972	726
974	346
976	409
978	-8
980	170
982	1040
984	764
986	196
988	670
990	1047
992	976
994	396
996	1049
998	183
1000	631
1002	747
1004	437
1006	1025
1008	895
1010	921
1012	925
1014	839
1016	771
1018	822
1020	497
1022	348
1024	1376
1026	653
1028	828
1030	884
1032	598
1034	536
1036	285
1038	725
1040	1251
1042	276
1044	705
1046	1005
1048	948
1050	567
1052	814
1054	952
1056	732
1058	351
1060	905
1062	1055
1064	790
1066	1230
1068	482
1070	815
1072	862
1074	738
1076	898
1078	708
1080	588
1082	944
1084	-55
1086	242
1088	887
1090	715
1092	282
1094	853
1096	1237
1098	1127
1100	399
1102	338
1104	1278
1106	57
1108	256
1110	205
1112	736
1114	728
1116	1590
1118	845
1120	623
1122	166
1124	989
1126	514
1128	-8
1130	645
1132	1256
1134	910
1136	255
1138	683
1140	650
1142	227
1144	534
1146	1035
1148	454
1150	791
1152	436
1154	1438
1156	284
1158	576
1160	521
1162	26
1164	59
1166	1274
1168	488
1170	268
1172	1334
1174	1193
1176	641
1178	953
1180	817
1182	700
1184	221
1186	302
1188	913
1190	1287
1192	390
1194	220
1196	1754
1198	583
1200	945
1202	995
1204	687
1206	590
1208	785
1210	798
1212	1124
1214	1142
1216	824
1218	134
1220	1378
1222	541
1224	1139
1226	910
1228	1006
1230	621
1232	689
1234	530
1236	-172
1238	569
1240	786
1242	389
1244	476
1246	447
1248	1250
1250	328
1252	1049
1254	1033
1256	1028
1258	580
1260	1315
1262	1428
1264	1494
1266	1160
1268	1433
1270	854
1272	204
1274	1380
1276	530
1278	470
1280	1123
1282	456
1284	1173
1286	1132
1288	711
1290	1261
1292	1736
1294	1131
1296	698
1298	837
1300	1241
1302	1084
1304	395
1306	833
1308	1383
1310	403
1312	750
1314	1415
1316	1207
1318	1379
1320	1248
1322	1150
1324	-346
1326	562
1328	946
1330	1003
1332	850
1334	974
1336	996
1338	954
1340	707
1342	475
1344	1077
1346	-247
1348	1542
1350	1420
1352	1611
1354	897
1356	368
1358	1198
1360	954
1362	1135
1364	1294
1366	1774
1368	1509
1370	377
1372	121
1374	299
1376	-680
1378	-98
1380	-219
1382	-752
1384	470
1386	487
1388	519
1390	539
1392	958
1394	1135
1396	650
1398	417
1400	422
1402	1174
1404	758
1406	1238
1408	1577
1410	1382
1412	533
1414	1525
1416	544
1418	1038
1420	1809
1422	1422
1424	333
1426	1700
1428	1418
1430	857
1432	1193
1434	2017
1436	468
1438	1008
1440	781
1442	614
1444	1448
1446	1450
1448	1767
1450	1003
1452	1434
1454	1279
1456	1131
1458	1595
1460	1140
1462	1500
1464	848
1466	734
1468	820
1470	693
1472	340
1474	1140
1476	1197
1478	501
1480	882
1482	1224
1484	1140
1486	743
1488	376
1490	1304
1492	1167
1494	469
1496	-199
1498	511
1500	1071
1502	990
1504	1612
1506	815
1508	1258
1510	1196
1512	1105
1514	454
1516	1761
1518	1313
1520	1786
1522	1518
1524	1041
1526	796
1528	314
1530	1302
1532	1312
1534	-144
1536	1407
1538	769
1540	1358
1542	889
1544	743
1546	1428
1548	560
1550	-139
1552	1324
1554	1754
1556	988
1558	612
1560	1527
1562	562
1564	1001
1566	1366
1568	1432
1570	1192
1572	690
1574	927
1576	1711
1578	1439
1580	1547
1582	-68
1584	799
1586	1181
1588	890
1590	1117
1592	1374
1594	891
1596	319
1598	1582
1600	1476
