Kommentar: 
Zeit: 05.11.2024	09:47
Startenergie: 10
Endenergie: 1600
Energieschritt: 2
Sensitivity: 100 mV
TC: 3 ms
Phase: Phase: 156
10	3
12	-2
14	53
16	1
18	0
20	0
22	0
24	164
26	105
28	18
30	11
32	0
34	2
36	-2
38	0
40	5
42	-2
44	6
46	2
48	7
50	7
52	11
54	5
56	8
58	0
60	-3
62	-7
64	-22
66	-47
68	-78
70	-69
72	-29
74	1
76	2
78	2
80	0
82	0
84	2
86	0
88	2
90	2
92	1
94	3
96	2
98	5
100	5
102	2
104	1
106	1
108	2
110	0
112	2
114	4
116	1
118	2
120	2
122	3
124	2
126	2
128	4
130	4
132	3
134	2
136	4
138	3
140	5
142	3
144	3
146	2
148	5
150	2
152	-1
154	3
156	2
158	4
160	3
162	1
164	3
166	3
168	4
170	6
172	3
174	6
176	3
178	3
180	5
182	2
184	5
186	3
188	4
190	2
192	3
194	2
196	6
198	4
200	2
202	2
204	3
206	2
208	5
210	1
212	0
214	4
216	4
218	7
220	6
222	4
224	4
226	4
228	3
230	4
232	3
234	5
236	4
238	6
240	3
242	7
244	8
246	7
248	7
250	4
252	7
254	4
256	4
258	8
260	4
262	7
264	3
266	0
268	-7
270	-11
272	-8
274	-9
276	-2
278	1
280	0
282	3
284	2
286	6
288	0
290	4
292	0
294	1
296	1
298	0
300	3
302	2
304	0
306	2
308	1
310	1
312	7
314	2
316	3
318	0
320	0
322	3
324	6
326	4
328	1
330	0
332	2
334	1
336	1
338	4
340	4
342	2
344	2
346	4
348	4
350	2
352	6
354	2
356	3
358	6
360	5
362	8
364	6
366	3
368	0
370	7
372	4
374	4
376	2
378	2
380	0
382	0
384	1
386	2
388	2
390	1
392	1
394	6
396	4
398	0
400	4
402	1
404	0
406	3
408	3
410	1
412	6
414	3
416	1
418	1
420	2
422	2
424	5
426	2
428	0
430	0
432	0
434	5
436	4
438	3
440	6
442	4
444	5
446	6
448	9
450	5
452	4
454	5
456	5
458	4
460	2
462	3
464	5
466	2
468	4
470	7
472	7
474	7
476	8
478	7
480	4
482	4
484	2
486	3
488	4
490	3
492	8
494	8
496	16
498	18
500	8
502	-2
504	-5
506	-8
508	-12
510	-8
512	-1
514	-3
516	0
518	-3
520	3
522	4
524	7
526	6
528	6
530	4
532	4
534	6
536	4
538	0
540	4
542	3
544	3
546	7
548	4
550	2
552	2
554	8
556	5
558	5
560	5
562	4
564	5
566	7
568	3
570	6
572	6
574	8
576	5
578	7
580	7
582	6
584	6
586	5
588	9
590	6
592	9
594	4
596	4
598	7
600	7
602	5
604	2
606	7
608	6
610	5
612	7
614	3
616	3
618	8
620	3
622	6
624	10
626	1
628	2
630	2
632	7
634	3
636	8
638	7
640	9
642	4
644	4
646	4
648	6
650	7
652	6
654	5
656	1
658	6
660	10
662	2
664	5
666	3
668	2
670	5
672	10
674	7
676	7
678	6
680	10
682	2
684	3
686	5
688	4
690	2
692	4
694	4
696	11
698	4
700	7
702	8
704	5
706	9
708	8
710	2
712	10
714	3
716	4
718	11
720	1
722	6
724	3
726	5
728	6
730	6
732	12
734	5
736	6
738	0
740	3
742	10
744	4
746	4
748	7
750	9
752	1
754	2
756	0
758	6
760	11
762	5
764	6
766	7
768	5
770	4
772	2
774	8
776	4
778	8
780	8
782	6
784	7
786	9
788	7
790	5
792	6
794	6
796	5
798	8
800	8
802	8
804	5
806	11
808	5
810	6
812	8
814	7
816	14
818	3
820	7
822	10
824	14
826	2
828	5
830	3
832	4
834	7
836	9
838	10
840	9
842	4
844	8
846	11
848	5
850	5
852	5
854	7
856	7
858	12
860	4
862	10
864	3
866	7
868	3
870	12
872	13
874	5
876	4
878	9
880	13
882	9
884	5
886	12
888	4
890	11
892	10
894	7
896	14
898	8
900	4
902	5
904	6
906	7
908	5
910	4
912	2
914	9
916	7
918	3
920	13
922	11
924	6
926	7
928	8
930	9
932	5
934	7
936	6
938	3
940	10
942	11
944	6
946	9
948	5
950	4
952	11
954	11
956	9
958	14
960	5
962	9
964	11
966	8
968	8
970	16
972	14
974	9
976	13
978	2
980	3
982	9
984	8
986	11
988	8
990	9
992	12
994	4
996	7
998	7
1000	7
1002	8
1004	7
1006	9
1008	4
1010	5
1012	5
1014	11
1016	10
1018	8
1020	14
1022	11
1024	4
1026	7
1028	3
1030	7
1032	9
1034	11
1036	8
1038	5
1040	4
1042	3
1044	6
1046	5
1048	12
1050	6
1052	10
1054	10
1056	9
1058	6
1060	6
1062	19
1064	3
1066	13
1068	11
1070	10
1072	7
1074	17
1076	11
1078	15
1080	11
1082	11
1084	10
1086	1
1088	7
1090	4
1092	14
1094	3
1096	6
1098	8
1100	11
1102	10
1104	11
1106	4
1108	13
1110	4
1112	9
1114	17
1116	15
1118	5
1120	7
1122	7
1124	12
1126	7
1128	11
1130	11
1132	3
1134	9
1136	7
1138	10
1140	7
1142	3
1144	15
1146	10
1148	15
1150	10
1152	5
1154	7
1156	13
1158	10
1160	14
1162	13
1164	15
1166	7
1168	6
1170	10
1172	8
1174	10
1176	11
1178	8
1180	13
1182	7
1184	16
1186	11
1188	12
1190	11
1192	19
1194	11
1196	14
1198	4
1200	10
1202	9
1204	9
1206	10
1208	16
1210	13
1212	9
1214	9
1216	12
1218	7
1220	12
1222	10
1224	13
1226	6
1228	15
1230	8
1232	11
1234	15
1236	14
1238	4
1240	14
1242	16
1244	12
1246	22
1248	16
1250	12
1252	8
1254	8
1256	12
1258	7
1260	9
1262	11
1264	16
1266	16
1268	17
1270	10
1272	11
1274	11
1276	18
1278	10
1280	16
1282	6
1284	8
1286	16
1288	16
1290	15
1292	9
1294	12
1296	16
1298	15
1300	12
1302	15
1304	10
1306	9
1308	13
1310	7
1312	14
1314	12
1316	14
1318	13
1320	12
1322	12
1324	5
1326	5
1328	16
1330	8
1332	16
1334	8
1336	5
1338	8
1340	2
1342	10
1344	7
1346	6
1348	12
1350	6
1352	18
1354	20
1356	8
1358	9
1360	7
1362	13
1364	12
1366	8
1368	19
1370	9
1372	3
1374	0
1376	-2
1378	2
1380	2
1382	-5
1384	6
1386	8
1388	2
1390	4
1392	3
1394	4
1396	11
1398	5
1400	12
1402	5
1404	10
1406	17
1408	13
1410	20
1412	6
1414	16
1416	2
1418	14
1420	11
1422	13
1424	8
1426	12
1428	8
1430	5
1432	10
1434	10
1436	9
1438	13
1440	9
1442	6
1444	3
1446	14
1448	15
1450	11
1452	10
1454	9
1456	18
1458	9
1460	12
1462	16
1464	12
1466	8
1468	11
1470	6
1472	8
1474	9
1476	9
1478	10
1480	12
1482	13
1484	5
1486	12
1488	12
1490	0
1492	10
1494	6
1496	10
1498	13
1500	14
1502	16
1504	8
1506	9
1508	8
1510	7
1512	16
1514	14
1516	10
1518	15
1520	12
1522	16
1524	11
1526	7
1528	12
1530	8
1532	16
1534	7
1536	12
1538	3
1540	14
1542	14
1544	14
1546	15
1548	9
1550	6
1552	11
1554	6
1556	8
1558	15
1560	19
1562	15
1564	15
1566	8
1568	8
1570	14
1572	16
1574	10
1576	7
1578	6
1580	2
1582	10
1584	6
1586	16
1588	12
1590	13
1592	11
1594	8
1596	23
1598	15
1600	9
