Kommentar: 
Zeit: 05.11.2024	11:42
Startenergie: 10
Endenergie: 1450
Energieschritt: 2
Sensitivity: 10 uV
TC: 300 ms
Phase: Phase: 156
10	-5.4
12	-39.4
14	-110.8
16	-171.6
18	-265.4
20	-152.4
22	178.4
24	442.6
26	649.6
28	733.8
30	703.8
32	594.8
34	425.6
36	261.4
38	176.8
40	171.6
42	169.4
44	169
46	185
48	193.6
50	190.8
52	196.8
54	244.8
56	343.6
58	469.6
60	583.4
62	652.6
64	822.2
66	812.2
68	-8.6
70	-1630.8
72	-3322.8
74	-4274.8
76	-4290
78	-3814.4
80	-3274.8
82	-2723.4
84	-2249.8
86	-1876.2
88	-1557.8
90	-1292.6
92	-1078.4
94	-915.6
96	-799.6
98	-704.8
100	-633.2
102	-570.8
104	-524
106	-498.6
108	-486.4
110	-479.8
112	-476.2
114	-473.8
116	-477.4
118	-480.4
120	-497.6
122	-513.4
124	-518.4
126	-527
128	-536
130	-547.2
132	-561
134	-562.2
136	-555
138	-551.2
140	-547.6
142	-545
144	-549
146	-553.2
148	-560.8
150	-569.2
152	-582.2
154	-590.6
156	-587.4
158	-583.6
160	-577.4
162	-580.8
164	-574.8
166	-578.4
168	-586.6
170	-601.2
172	-608
174	-605.4
176	-601
178	-595.2
180	-594.4
182	-606.4
184	-617.6
186	-627
188	-622
190	-625
192	-631.2
194	-636
196	-645.4
198	-648.4
200	-650.2
202	-661.4
204	-675
206	-679.4
208	-677.8
210	-682
212	-695.8
214	-696.8
216	-690.2
218	-682.4
220	-676
222	-670.2
224	-678.2
226	-671.4
228	-672.8
230	-674.4
232	-685
234	-678
236	-667.4
238	-668.8
240	-673
242	-671.4
244	-686.4
246	-700.6
248	-704.2
250	-706
252	-705.2
254	-707.6
256	-719
258	-728.2
260	-725.8
262	-733.4
264	-730.4
266	-744.2
268	-748.4
270	-769.4
272	-796.2
274	-815.4
276	-836.6
278	-850.8
280	-849.2
282	-836.2
284	-826.2
286	-818.8
288	-819
290	-807.6
292	-801
294	-790.6
296	-786.6
298	-781.4
300	-764.8
302	-765
304	-767.8
306	-774.4
308	-784.8
310	-787.8
312	-782.6
314	-780.4
316	-784.2
318	-781.6
320	-786
322	-797.8
324	-807.8
326	-807.8
328	-801.8
330	-802.4
332	-795.2
334	-784.6
336	-778.2
338	-783.8
340	-776.2
342	-760.8
344	-763.2
346	-767.4
348	-780
350	-799.4
352	-812.6
354	-821
356	-817
358	-813.6
360	-803.8
362	-801
364	-810.8
366	-818
368	-830.2
370	-847.8
372	-865
374	-865
376	-856.6
378	-857.8
380	-866.4
382	-856.6
384	-839
386	-837
388	-845.6
390	-851.4
392	-846.6
394	-838.4
396	-830.6
398	-831.2
400	-846.8
402	-856.8
404	-848.8
406	-841.2
408	-827.2
410	-820.2
412	-832.6
414	-839.8
416	-844
418	-847.2
420	-848.6
422	-867
424	-863.6
426	-857.8
428	-868.4
430	-890.4
432	-903.2
434	-901.2
436	-900.2
438	-900.4
440	-887.8
442	-882
444	-873.8
446	-855.6
448	-867
450	-870.6
452	-865.8
454	-853.4
456	-838.2
458	-824.8
460	-828.2
462	-821
464	-821
466	-839.2
468	-850.4
470	-843.2
472	-844
474	-855.8
476	-880.8
478	-893.8
480	-894.4
482	-882.6
484	-872.2
486	-862.8
488	-870.6
490	-863.8
492	-853
494	-839.8
496	-834.4
498	-852.2
500	-857.8
502	-861
504	-868.2
506	-878
508	-891
510	-915
512	-933
514	-929.4
516	-909.4
518	-895.8
520	-904.4
522	-906.6
524	-916.6
526	-926.6
528	-933
530	-923
532	-916.4
534	-914.2
536	-912.2
538	-912.2
540	-908.4
542	-898.2
544	-891.8
546	-902.6
548	-917.4
550	-944.8
552	-963.2
554	-973
556	-975
558	-970.4
560	-977.8
562	-987.6
564	-995.2
566	-1006.2
568	-1008.2
570	-1012.4
572	-996.2
574	-995.4
576	-1000
578	-1017.4
580	-1018.4
582	-1011.6
584	-1029
586	-1049.8
588	-1052
590	-1043.4
592	-1037.2
594	-1017.2
596	-1005.8
598	-997.4
600	-981.8
602	-976.8
604	-977.4
606	-981
608	-982.2
610	-989.4
612	-997
614	-1014
616	-1002.6
618	-983.2
620	-969
622	-974
624	-979.8
626	-998.8
628	-1021.2
630	-1020.4
632	-1004.4
634	-993.4
636	-972.8
638	-979.6
640	-1001
642	-996
644	-985.4
646	-989.8
648	-986.4
650	-985
652	-1009.4
654	-1048
656	-1066.8
658	-1059.2
660	-1064.4
662	-1065.2
664	-1066.8
666	-1074.8
668	-1088.8
670	-1100.8
672	-1095.8
674	-1093
676	-1093.2
678	-1091.8
680	-1090.6
682	-1087
684	-1079.2
686	-1066.6
688	-1054.8
690	-1042.6
692	-1043.4
694	-1047.2
696	-1035
698	-1029.8
700	-1024
702	-1000
704	-988.4
706	-992.4
708	-1005.4
710	-1020.6
712	-1021
714	-1004.8
716	-1002.2
718	-1032.2
720	-1042
722	-1044.4
724	-1036.8
726	-1043.2
728	-1044.2
730	-1035.2
732	-1026.4
734	-1051.6
736	-1074
738	-1085.6
740	-1105.4
742	-1108.4
744	-1101.6
746	-1097.6
748	-1105.6
750	-1118.6
752	-1113.6
754	-1100.2
756	-1101.8
758	-1104
760	-1101.2
762	-1088.4
764	-1077.8
766	-1066.2
768	-1052.4
770	-1043.4
772	-1043.6
774	-1048
776	-1042.2
778	-1047.2
780	-1063.2
782	-1087.4
784	-1114.4
786	-1133.8
788	-1152.8
790	-1165
792	-1158
794	-1157
796	-1162.4
798	-1151.6
800	-1137.6
802	-1132.2
804	-1157.6
806	-1182
808	-1202.6
810	-1194.4
812	-1159.2
814	-1135.4
816	-1136.6
818	-1135
820	-1122
822	-1123.6
824	-1132
826	-1169.8
828	-1180.4
830	-1173
832	-1177.4
834	-1190.4
836	-1195.6
838	-1207.6
840	-1195.6
842	-1184.2
844	-1194.4
846	-1205.2
848	-1208.2
850	-1205
852	-1194.8
854	-1185.8
856	-1188.4
858	-1227.2
860	-1258.2
862	-1273.2
864	-1319.4
866	-1346.4
868	-1364.4
870	-1375
872	-1372.6
874	-1344.6
876	-1346.6
878	-1357.2
880	-1382
882	-1418.4
884	-1451.4
886	-1471
888	-1482.6
890	-1507.8
892	-1517.4
894	-1514.4
896	-1486.2
898	-1472
900	-1471
902	-1470.2
904	-1458
906	-1456
908	-1461.8
910	-1475.6
912	-1515.8
914	-1551
916	-1558.6
918	-1554.6
920	-1565.4
922	-1576.6
924	-1560.4
926	-1547.6
928	-1524
930	-1544.8
932	-1575
934	-1599.4
936	-1625.6
938	-1636.2
940	-1622
942	-1613
944	-1610.6
946	-1605.8
948	-1586
950	-1582.4
952	-1569
954	-1562.2
956	-1556.6
958	-1551.6
960	-1553.4
962	-1552.8
964	-1560.6
966	-1545.6
968	-1522.4
970	-1525.8
972	-1549.2
974	-1567.8
976	-1577.6
978	-1581.4
980	-1585.4
982	-1574.8
984	-1580
986	-1579.2
988	-1563.4
990	-1564.8
992	-1574.6
994	-1573.8
996	-1574
998	-1563.8
1000	-1548.2
1002	-1544.6
1004	-1541.4
1006	-1541
1008	-1547.4
1010	-1561.2
1012	-1578.8
1014	-1592.2
1016	-1590.6
1018	-1571.6
1020	-1565.6
1022	-1577.6
1024	-1579
1026	-1560.2
1028	-1539.6
1030	-1533.4
1032	-1557.4
1034	-1588.2
1036	-1596.2
1038	-1578
1040	-1564.2
1042	-1566
1044	-1556.2
1046	-1566.2
1048	-1575.4
1050	-1590.6
1052	-1594.4
1054	-1581.2
1056	-1572.8
1058	-1560
1060	-1537.8
1062	-1506.4
1064	-1492.8
1066	-1476.2
1068	-1499.4
1070	-1532.4
1072	-1563.4
1074	-1574.4
1076	-1558
1078	-1528.8
1080	-1491.6
1082	-1477.4
1084	-1479.2
1086	-1468
1088	-1474
1090	-1496
1092	-1512.2
1094	-1521.2
1096	-1517.6
1098	-1507.2
1100	-1501.2
1102	-1465
1104	-1452.8
1106	-1449.2
1108	-1437.8
1110	-1412
1112	-1395.4
1114	-1376.6
1116	-1356.2
1118	-1335
1120	-1324.8
1122	-1319
1124	-1320
1126	-1323.2
1128	-1292.2
1130	-1270
1132	-1257.6
1134	-1260.6
1136	-1267.2
1138	-1281.6
1140	-1288.8
1142	-1307.4
1144	-1290.2
1146	-1273.2
1148	-1278.2
1150	-1256.8
1152	-1236.6
1154	-1248
1156	-1243
1158	-1220.2
1160	-1189.6
1162	-1174.4
1164	-1139.4
1166	-1113.8
1168	-1113.8
1170	-1113.6
1172	-1116
1174	-1134.2
1176	-1153.8
1178	-1153.2
1180	-1143.2
1182	-1131.8
1184	-1094.4
1186	-1077
1188	-1043.6
1190	-1032
1192	-1019.4
1194	-992.8
1196	-946.4
1198	-868.4
1200	-777.8
1202	-711.8
1204	-661.4
1206	-620.8
1208	-564.6
1210	-480.6
1212	-405.6
1214	-319.6
1216	-251.8
1218	-190.2
1220	-140.2
1222	-79.8
1224	-41.4
1226	-27
1228	-12.4
1230	13.2
1232	33.4
1234	43.6
1236	47.6
1238	61.2
1240	54.6
1242	29.8
1244	12.2
1246	13.2
1248	17
1250	2
1252	-31.2
1254	-39
1256	-58.8
1258	-34.2
1260	-24.6
1262	-20.2
1264	-8.6
1266	1
1268	2.8
1270	-11.6
1272	-21.8
1274	-26.2
1276	-25.6
1278	-14
1280	16.4
1282	24.6
1284	29
1286	21.6
1288	16.8
1290	25.2
1292	37.8
1294	37.8
1296	36.4
1298	35.6
1300	50.8
1302	51.2
1304	54.2
1306	69
1308	88.8
1310	101.4
1312	130.8
1314	156.6
1316	171.8
1318	179
1320	129.6
1322	62
1324	12
1326	-23.2
1328	-42
1330	-23.2
1332	-9.8
1334	-2.4
1336	-6.6
1338	-32.4
1340	-31.2
1342	-40.6
1344	-54.8
1346	-34.2
1348	7.6
1350	32.6
1352	15.6
1354	-1.6
1356	-27.8
1358	-53.6
1360	-52.6
1362	-52.6
1364	-34.6
1366	-26
1368	-47.8
1370	-98.6
1372	-227.6
1374	-337.4
1376	-389.6
1378	-398.6
1380	-388.4
1382	-396.2
1384	-420.8
1386	-416.4
1388	-376.6
1390	-323.8
1392	-317
1394	-309
1396	-316.2
1398	-285.6
1400	-252.6
1402	-210.8
1404	-144
1406	-61
1408	-16.2
1410	-3.6
1412	32.6
1414	47.2
1416	60.4
1418	76.8
1420	83.4
1422	72.6
1424	61.4
1426	41.6
1428	6.2
1430	-13.8
1432	-17.4
1434	-39.4
1436	-42.6
1438	-8.8
1440	33.8
1442	63.8
1444	77.8
1446	70.2
1448	103.6
1450	111.2
