
0.00000000E+0	2.40000000E-2
5.00000000E-6	2.00000000E-2
1.00000000E-5	2.00000000E-2
1.50000000E-5	2.40000000E-2
2.00000000E-5	2.00000000E-2
2.50000000E-5	2.40000000E-2
3.00000000E-5	2.00000000E-2
3.50000000E-5	2.00000000E-2
4.00000000E-5	2.40000000E-2
4.50000000E-5	2.40000000E-2
5.00000000E-5	2.40000000E-2
5.50000000E-5	2.40000000E-2
6.00000000E-5	2.40000000E-2
6.50000000E-5	2.40000000E-2
7.00000000E-5	2.00000000E-2
7.50000000E-5	2.00000000E-2
8.00000000E-5	2.00000000E-2
8.50000000E-5	2.00000000E-2
9.00000000E-5	2.40000000E-2
9.50000000E-5	2.00000000E-2
1.00000000E-4	2.40000000E-2
1.05000000E-4	2.00000000E-2
1.10000000E-4	2.40000000E-2
1.15000000E-4	2.40000000E-2
1.20000000E-4	2.40000000E-2
1.25000000E-4	2.40000000E-2
1.30000000E-4	2.40000000E-2
1.35000000E-4	2.40000000E-2
1.40000000E-4	2.40000000E-2
1.45000000E-4	2.00000000E-2
1.50000000E-4	2.40000000E-2
1.55000000E-4	2.40000000E-2
1.60000000E-4	2.00000000E-2
1.65000000E-4	2.40000000E-2
1.70000000E-4	2.40000000E-2
1.75000000E-4	2.40000000E-2
1.80000000E-4	2.00000000E-2
1.85000000E-4	2.00000000E-2
1.90000000E-4	2.00000000E-2
1.95000000E-4	2.00000000E-2
2.00000000E-4	2.40000000E-2
2.05000000E-4	2.40000000E-2
2.10000000E-4	2.00000000E-2
2.15000000E-4	2.40000000E-2
2.20000000E-4	2.40000000E-2
2.25000000E-4	2.00000000E-2
2.30000000E-4	2.00000000E-2
2.35000000E-4	2.40000000E-2
2.40000000E-4	2.00000000E-2
2.45000000E-4	2.40000000E-2
2.50000000E-4	2.00000000E-2
2.55000000E-4	2.40000000E-2
2.60000000E-4	2.40000000E-2
2.65000000E-4	1.60000000E-2
2.70000000E-4	2.00000000E-2
2.75000000E-4	2.40000000E-2
2.80000000E-4	2.40000000E-2
2.85000000E-4	2.00000000E-2
2.90000000E-4	2.00000000E-2
2.95000000E-4	2.00000000E-2
3.00000000E-4	2.40000000E-2
3.05000000E-4	2.00000000E-2
3.10000000E-4	2.00000000E-2
3.15000000E-4	2.00000000E-2
3.20000000E-4	2.40000000E-2
3.25000000E-4	2.40000000E-2
3.30000000E-4	2.40000000E-2
3.35000000E-4	2.40000000E-2
3.40000000E-4	2.40000000E-2
3.45000000E-4	2.00000000E-2
3.50000000E-4	2.40000000E-2
3.55000000E-4	2.00000000E-2
3.60000000E-4	2.00000000E-2
3.65000000E-4	2.00000000E-2
3.70000000E-4	2.40000000E-2
3.75000000E-4	2.00000000E-2
3.80000000E-4	2.40000000E-2
3.85000000E-4	2.00000000E-2
3.90000000E-4	2.00000000E-2
3.95000000E-4	2.00000000E-2
4.00000000E-4	2.40000000E-2
4.05000000E-4	2.00000000E-2
4.10000000E-4	2.00000000E-2
4.15000000E-4	2.40000000E-2
4.20000000E-4	2.00000000E-2
4.25000000E-4	2.40000000E-2
4.30000000E-4	2.40000000E-2
4.35000000E-4	2.80000000E-2
4.40000000E-4	2.40000000E-2
4.45000000E-4	2.40000000E-2
4.50000000E-4	2.00000000E-2
4.55000000E-4	2.00000000E-2
4.60000000E-4	2.00000000E-2
4.65000000E-4	2.00000000E-2
4.70000000E-4	2.00000000E-2
4.75000000E-4	2.00000000E-2
4.80000000E-4	2.40000000E-2
4.85000000E-4	2.00000000E-2
4.90000000E-4	2.00000000E-2
4.95000000E-4	2.40000000E-2
5.00000000E-4	2.40000000E-2
5.05000000E-4	2.40000000E-2
5.10000000E-4	2.40000000E-2
5.15000000E-4	2.40000000E-2
5.20000000E-4	2.40000000E-2
5.25000000E-4	2.00000000E-2
5.30000000E-4	2.00000000E-2
5.35000000E-4	1.60000000E-2
5.40000000E-4	2.00000000E-2
5.45000000E-4	2.40000000E-2
5.50000000E-4	2.00000000E-2
5.55000000E-4	2.00000000E-2
5.60000000E-4	2.40000000E-2
5.65000000E-4	2.40000000E-2
5.70000000E-4	2.00000000E-2
5.75000000E-4	2.00000000E-2
5.80000000E-4	2.00000000E-2
5.85000000E-4	2.40000000E-2
5.90000000E-4	2.00000000E-2
5.95000000E-4	2.00000000E-2
6.00000000E-4	2.40000000E-2
6.05000000E-4	2.40000000E-2
6.10000000E-4	2.00000000E-2
6.15000000E-4	2.40000000E-2
6.20000000E-4	2.00000000E-2
6.25000000E-4	2.00000000E-2
6.30000000E-4	2.40000000E-2
6.35000000E-4	2.00000000E-2
6.40000000E-4	2.40000000E-2
6.45000000E-4	2.00000000E-2
6.50000000E-4	2.00000000E-2
6.55000000E-4	2.00000000E-2
6.60000000E-4	2.00000000E-2
6.65000000E-4	2.00000000E-2
6.70000000E-4	2.00000000E-2
6.75000000E-4	2.00000000E-2
6.80000000E-4	2.00000000E-2
6.85000000E-4	2.00000000E-2
6.90000000E-4	2.00000000E-2
6.95000000E-4	2.00000000E-2
7.00000000E-4	2.40000000E-2
7.05000000E-4	2.40000000E-2
7.10000000E-4	2.00000000E-2
7.15000000E-4	2.00000000E-2
7.20000000E-4	2.40000000E-2
7.25000000E-4	2.00000000E-2
7.30000000E-4	2.40000000E-2
7.35000000E-4	2.40000000E-2
7.40000000E-4	1.60000000E-2
7.45000000E-4	2.00000000E-2
7.50000000E-4	2.00000000E-2
7.55000000E-4	2.40000000E-2
7.60000000E-4	2.00000000E-2
7.65000000E-4	2.00000000E-2
7.70000000E-4	2.00000000E-2
7.75000000E-4	2.40000000E-2
7.80000000E-4	2.40000000E-2
7.85000000E-4	1.60000000E-2
7.90000000E-4	2.00000000E-2
7.95000000E-4	2.00000000E-2
8.00000000E-4	2.00000000E-2
8.05000000E-4	2.00000000E-2
8.10000000E-4	2.40000000E-2
8.15000000E-4	2.40000000E-2
8.20000000E-4	2.40000000E-2
8.25000000E-4	2.00000000E-2
8.30000000E-4	2.00000000E-2
8.35000000E-4	2.00000000E-2
8.40000000E-4	2.40000000E-2
8.45000000E-4	2.00000000E-2
8.50000000E-4	2.00000000E-2
8.55000000E-4	2.00000000E-2
8.60000000E-4	2.00000000E-2
8.65000000E-4	2.00000000E-2
8.70000000E-4	2.40000000E-2
8.75000000E-4	2.40000000E-2
8.80000000E-4	2.40000000E-2
8.85000000E-4	2.40000000E-2
8.90000000E-4	2.40000000E-2
8.95000000E-4	2.40000000E-2
9.00000000E-4	2.40000000E-2
9.05000000E-4	2.40000000E-2
9.10000000E-4	2.00000000E-2
9.15000000E-4	2.40000000E-2
9.20000000E-4	2.00000000E-2
9.25000000E-4	2.00000000E-2
9.30000000E-4	2.00000000E-2
9.35000000E-4	2.40000000E-2
9.40000000E-4	2.40000000E-2
9.45000000E-4	2.40000000E-2
9.50000000E-4	2.40000000E-2
9.55000000E-4	2.00000000E-2
9.60000000E-4	2.40000000E-2
9.65000000E-4	2.00000000E-2
9.70000000E-4	2.00000000E-2
9.75000000E-4	2.00000000E-2
9.80000000E-4	2.00000000E-2
9.85000000E-4	2.00000000E-2
9.90000000E-4	2.00000000E-2
9.95000000E-4	2.00000000E-2
1.00000000E-3	2.00000000E-2
1.00500000E-3	2.40000000E-2
1.01000000E-3	2.00000000E-2
1.01500000E-3	2.40000000E-2
1.02000000E-3	2.00000000E-2
1.02500000E-3	2.00000000E-2
1.03000000E-3	2.40000000E-2
1.03500000E-3	1.60000000E-2
1.04000000E-3	2.40000000E-2
1.04500000E-3	2.00000000E-2
1.05000000E-3	2.00000000E-2
1.05500000E-3	2.00000000E-2
1.06000000E-3	2.00000000E-2
1.06500000E-3	2.00000000E-2
1.07000000E-3	2.40000000E-2
1.07500000E-3	2.40000000E-2
1.08000000E-3	2.40000000E-2
1.08500000E-3	2.00000000E-2
1.09000000E-3	2.00000000E-2
1.09500000E-3	2.00000000E-2
1.10000000E-3	2.00000000E-2
1.10500000E-3	2.00000000E-2
1.11000000E-3	2.00000000E-2
1.11500000E-3	2.00000000E-2
1.12000000E-3	2.00000000E-2
1.12500000E-3	2.00000000E-2
1.13000000E-3	1.60000000E-2
1.13500000E-3	2.00000000E-2
1.14000000E-3	2.00000000E-2
1.14500000E-3	2.00000000E-2
1.15000000E-3	2.00000000E-2
1.15500000E-3	2.00000000E-2
1.16000000E-3	2.00000000E-2
1.16500000E-3	2.40000000E-2
1.17000000E-3	2.00000000E-2
1.17500000E-3	2.00000000E-2
1.18000000E-3	2.00000000E-2
1.18500000E-3	2.00000000E-2
1.19000000E-3	2.00000000E-2
1.19500000E-3	2.00000000E-2
1.20000000E-3	2.00000000E-2
1.20500000E-3	2.00000000E-2
1.21000000E-3	1.60000000E-2
1.21500000E-3	2.40000000E-2
1.22000000E-3	2.00000000E-2
1.22500000E-3	2.00000000E-2
1.23000000E-3	2.00000000E-2
1.23500000E-3	2.00000000E-2
1.24000000E-3	2.40000000E-2
1.24500000E-3	2.00000000E-2
1.25000000E-3	2.40000000E-2
1.25500000E-3	2.00000000E-2
1.26000000E-3	2.00000000E-2
1.26500000E-3	2.00000000E-2
1.27000000E-3	2.40000000E-2
1.27500000E-3	2.00000000E-2
1.28000000E-3	2.40000000E-2
1.28500000E-3	2.40000000E-2
1.29000000E-3	2.40000000E-2
1.29500000E-3	2.40000000E-2
1.30000000E-3	2.00000000E-2
1.30500000E-3	2.40000000E-2
1.31000000E-3	2.00000000E-2
1.31500000E-3	2.00000000E-2
1.32000000E-3	2.00000000E-2
1.32500000E-3	2.00000000E-2
1.33000000E-3	2.40000000E-2
1.33500000E-3	2.00000000E-2
1.34000000E-3	2.40000000E-2
1.34500000E-3	2.00000000E-2
1.35000000E-3	2.00000000E-2
1.35500000E-3	2.00000000E-2
1.36000000E-3	1.60000000E-2
1.36500000E-3	2.00000000E-2
1.37000000E-3	2.00000000E-2
1.37500000E-3	2.00000000E-2
1.38000000E-3	2.00000000E-2
1.38500000E-3	2.40000000E-2
1.39000000E-3	2.40000000E-2
1.39500000E-3	2.00000000E-2
1.40000000E-3	2.40000000E-2
1.40500000E-3	2.00000000E-2
1.41000000E-3	2.00000000E-2
1.41500000E-3	2.00000000E-2
1.42000000E-3	2.00000000E-2
1.42500000E-3	2.40000000E-2
1.43000000E-3	2.40000000E-2
1.43500000E-3	2.40000000E-2
1.44000000E-3	2.00000000E-2
1.44500000E-3	2.00000000E-2
1.45000000E-3	2.00000000E-2
1.45500000E-3	2.40000000E-2
1.46000000E-3	2.00000000E-2
1.46500000E-3	2.40000000E-2
1.47000000E-3	2.40000000E-2
1.47500000E-3	2.40000000E-2
1.48000000E-3	2.00000000E-2
1.48500000E-3	2.40000000E-2
1.49000000E-3	2.40000000E-2
1.49500000E-3	2.40000000E-2
1.50000000E-3	2.00000000E-2
1.50500000E-3	2.00000000E-2
1.51000000E-3	2.00000000E-2
1.51500000E-3	2.40000000E-2
1.52000000E-3	2.00000000E-2
1.52500000E-3	2.00000000E-2
1.53000000E-3	2.00000000E-2
1.53500000E-3	1.60000000E-2
1.54000000E-3	2.00000000E-2
1.54500000E-3	1.60000000E-2
1.55000000E-3	2.40000000E-2
1.55500000E-3	2.00000000E-2
1.56000000E-3	2.40000000E-2
1.56500000E-3	2.00000000E-2
1.57000000E-3	2.00000000E-2
1.57500000E-3	2.00000000E-2
1.58000000E-3	2.40000000E-2
1.58500000E-3	2.00000000E-2
1.59000000E-3	2.40000000E-2
1.59500000E-3	2.40000000E-2
1.60000000E-3	2.00000000E-2
1.60500000E-3	2.00000000E-2
1.61000000E-3	2.40000000E-2
1.61500000E-3	2.00000000E-2
1.62000000E-3	2.00000000E-2
1.62500000E-3	2.00000000E-2
1.63000000E-3	2.00000000E-2
1.63500000E-3	2.00000000E-2
1.64000000E-3	2.00000000E-2
1.64500000E-3	2.40000000E-2
1.65000000E-3	2.40000000E-2
1.65500000E-3	2.40000000E-2
1.66000000E-3	2.00000000E-2
1.66500000E-3	2.40000000E-2
1.67000000E-3	2.40000000E-2
1.67500000E-3	2.40000000E-2
1.68000000E-3	2.40000000E-2
1.68500000E-3	2.40000000E-2
1.69000000E-3	2.40000000E-2
1.69500000E-3	2.40000000E-2
1.70000000E-3	1.60000000E-2
1.70500000E-3	2.40000000E-2
1.71000000E-3	2.40000000E-2
1.71500000E-3	2.00000000E-2
1.72000000E-3	2.00000000E-2
1.72500000E-3	2.40000000E-2
1.73000000E-3	2.40000000E-2
1.73500000E-3	2.40000000E-2
1.74000000E-3	2.40000000E-2
1.74500000E-3	2.00000000E-2
1.75000000E-3	2.00000000E-2
1.75500000E-3	2.00000000E-2
1.76000000E-3	2.00000000E-2
1.76500000E-3	2.00000000E-2
1.77000000E-3	2.00000000E-2
1.77500000E-3	2.40000000E-2
1.78000000E-3	2.40000000E-2
1.78500000E-3	2.00000000E-2
1.79000000E-3	2.00000000E-2
1.79500000E-3	2.40000000E-2
1.80000000E-3	2.00000000E-2
1.80500000E-3	2.40000000E-2
1.81000000E-3	2.40000000E-2
1.81500000E-3	2.00000000E-2
1.82000000E-3	2.00000000E-2
1.82500000E-3	1.60000000E-2
1.83000000E-3	2.00000000E-2
1.83500000E-3	2.00000000E-2
1.84000000E-3	2.40000000E-2
1.84500000E-3	2.40000000E-2
1.85000000E-3	2.00000000E-2
1.85500000E-3	1.60000000E-2
1.86000000E-3	2.40000000E-2
1.86500000E-3	2.00000000E-2
1.87000000E-3	1.60000000E-2
1.87500000E-3	2.00000000E-2
1.88000000E-3	2.00000000E-2
1.88500000E-3	2.40000000E-2
1.89000000E-3	2.00000000E-2
1.89500000E-3	2.00000000E-2
1.90000000E-3	2.40000000E-2
1.90500000E-3	2.00000000E-2
1.91000000E-3	2.40000000E-2
1.91500000E-3	2.00000000E-2
1.92000000E-3	2.00000000E-2
1.92500000E-3	2.40000000E-2
1.93000000E-3	2.40000000E-2
1.93500000E-3	2.00000000E-2
1.94000000E-3	2.40000000E-2
1.94500000E-3	2.00000000E-2
1.95000000E-3	2.00000000E-2
1.95500000E-3	2.40000000E-2
1.96000000E-3	2.40000000E-2
1.96500000E-3	2.00000000E-2
1.97000000E-3	2.40000000E-2
1.97500000E-3	2.00000000E-2
1.98000000E-3	2.00000000E-2
1.98500000E-3	2.40000000E-2
1.99000000E-3	2.00000000E-2
1.99500000E-3	2.00000000E-2
2.00000000E-3	2.00000000E-2
2.00500000E-3	2.00000000E-2
2.01000000E-3	2.40000000E-2
2.01500000E-3	2.40000000E-2
2.02000000E-3	2.00000000E-2
2.02500000E-3	2.00000000E-2
2.03000000E-3	2.40000000E-2
2.03500000E-3	2.40000000E-2
2.04000000E-3	2.00000000E-2
2.04500000E-3	2.40000000E-2
2.05000000E-3	2.00000000E-2
2.05500000E-3	2.40000000E-2
2.06000000E-3	2.00000000E-2
2.06500000E-3	2.00000000E-2
2.07000000E-3	2.00000000E-2
2.07500000E-3	2.00000000E-2
2.08000000E-3	2.00000000E-2
2.08500000E-3	2.00000000E-2
2.09000000E-3	2.00000000E-2
2.09500000E-3	2.00000000E-2
2.10000000E-3	2.00000000E-2
2.10500000E-3	2.00000000E-2
2.11000000E-3	2.00000000E-2
2.11500000E-3	2.00000000E-2
2.12000000E-3	2.00000000E-2
2.12500000E-3	2.00000000E-2
2.13000000E-3	2.00000000E-2
2.13500000E-3	2.00000000E-2
2.14000000E-3	2.40000000E-2
2.14500000E-3	2.00000000E-2
2.15000000E-3	2.00000000E-2
2.15500000E-3	2.00000000E-2
2.16000000E-3	2.40000000E-2
2.16500000E-3	2.00000000E-2
2.17000000E-3	2.00000000E-2
2.17500000E-3	2.40000000E-2
2.18000000E-3	2.40000000E-2
2.18500000E-3	2.00000000E-2
2.19000000E-3	2.00000000E-2
2.19500000E-3	2.00000000E-2
2.20000000E-3	2.00000000E-2
2.20500000E-3	2.40000000E-2
2.21000000E-3	2.00000000E-2
2.21500000E-3	2.00000000E-2
2.22000000E-3	2.00000000E-2
2.22500000E-3	2.00000000E-2
2.23000000E-3	2.40000000E-2
2.23500000E-3	2.00000000E-2
2.24000000E-3	2.40000000E-2
2.24500000E-3	2.00000000E-2
2.25000000E-3	2.00000000E-2
2.25500000E-3	2.40000000E-2
2.26000000E-3	2.00000000E-2
2.26500000E-3	2.00000000E-2
2.27000000E-3	2.00000000E-2
2.27500000E-3	2.00000000E-2
2.28000000E-3	2.00000000E-2
2.28500000E-3	2.00000000E-2
2.29000000E-3	2.00000000E-2
2.29500000E-3	2.40000000E-2
2.30000000E-3	2.40000000E-2
2.30500000E-3	2.40000000E-2
2.31000000E-3	2.00000000E-2
2.31500000E-3	2.40000000E-2
2.32000000E-3	2.40000000E-2
2.32500000E-3	2.00000000E-2
2.33000000E-3	2.00000000E-2
2.33500000E-3	2.40000000E-2
2.34000000E-3	2.00000000E-2
2.34500000E-3	2.40000000E-2
2.35000000E-3	2.40000000E-2
2.35500000E-3	2.40000000E-2
2.36000000E-3	2.00000000E-2
2.36500000E-3	2.00000000E-2
2.37000000E-3	2.40000000E-2
2.37500000E-3	2.00000000E-2
2.38000000E-3	2.40000000E-2
2.38500000E-3	2.40000000E-2
2.39000000E-3	2.40000000E-2
2.39500000E-3	2.40000000E-2
2.40000000E-3	2.40000000E-2
2.40500000E-3	2.00000000E-2
2.41000000E-3	2.40000000E-2
2.41500000E-3	2.00000000E-2
2.42000000E-3	2.40000000E-2
2.42500000E-3	2.40000000E-2
2.43000000E-3	2.40000000E-2
2.43500000E-3	2.80000000E-2
2.44000000E-3	2.40000000E-2
2.44500000E-3	2.00000000E-2
2.45000000E-3	2.40000000E-2
2.45500000E-3	2.00000000E-2
2.46000000E-3	2.40000000E-2
2.46500000E-3	2.00000000E-2
2.47000000E-3	2.00000000E-2
2.47500000E-3	2.00000000E-2
2.48000000E-3	2.00000000E-2
2.48500000E-3	2.00000000E-2
2.49000000E-3	2.40000000E-2
2.49500000E-3	2.00000000E-2
2.50000000E-3	2.00000000E-2
2.50500000E-3	2.40000000E-2
2.51000000E-3	2.00000000E-2
2.51500000E-3	1.60000000E-2
2.52000000E-3	1.60000000E-2
2.52500000E-3	1.20000000E-2
2.53000000E-3	1.20000000E-2
2.53500000E-3	1.60000000E-2
2.54000000E-3	2.40000000E-2
2.54500000E-3	3.60000000E-2
2.55000000E-3	4.80000000E-2
2.55500000E-3	6.00000000E-2
2.56000000E-3	6.40000000E-2
2.56500000E-3	7.20000000E-2
2.57000000E-3	8.00000000E-2
2.57500000E-3	8.80000000E-2
2.58000000E-3	9.20000000E-2
2.58500000E-3	9.20000000E-2
2.59000000E-3	9.20000000E-2
2.59500000E-3	9.20000000E-2
2.60000000E-3	8.80000000E-2
2.60500000E-3	9.20000000E-2
2.61000000E-3	8.00000000E-2
2.61500000E-3	8.40000000E-2
2.62000000E-3	7.60000000E-2
2.62500000E-3	7.60000000E-2
2.63000000E-3	6.80000000E-2
2.63500000E-3	7.20000000E-2
2.64000000E-3	6.80000000E-2
2.64500000E-3	6.40000000E-2
2.65000000E-3	6.40000000E-2
2.65500000E-3	6.40000000E-2
2.66000000E-3	6.00000000E-2
2.66500000E-3	6.00000000E-2
2.67000000E-3	5.60000000E-2
2.67500000E-3	5.60000000E-2
2.68000000E-3	5.60000000E-2
2.68500000E-3	5.20000000E-2
2.69000000E-3	4.80000000E-2
2.69500000E-3	4.40000000E-2
2.70000000E-3	4.40000000E-2
2.70500000E-3	4.00000000E-2
2.71000000E-3	4.00000000E-2
2.71500000E-3	4.00000000E-2
2.72000000E-3	4.00000000E-2
2.72500000E-3	3.60000000E-2
2.73000000E-3	3.60000000E-2
2.73500000E-3	4.00000000E-2
2.74000000E-3	3.60000000E-2
2.74500000E-3	3.60000000E-2
2.75000000E-3	3.20000000E-2
2.75500000E-3	3.20000000E-2
2.76000000E-3	2.80000000E-2
2.76500000E-3	3.20000000E-2
2.77000000E-3	3.20000000E-2
2.77500000E-3	2.80000000E-2
2.78000000E-3	2.80000000E-2
2.78500000E-3	2.80000000E-2
2.79000000E-3	2.80000000E-2
2.79500000E-3	2.80000000E-2
2.80000000E-3	2.80000000E-2
2.80500000E-3	2.80000000E-2
2.81000000E-3	3.20000000E-2
2.81500000E-3	2.40000000E-2
2.82000000E-3	2.40000000E-2
2.82500000E-3	2.40000000E-2
2.83000000E-3	2.80000000E-2
2.83500000E-3	2.40000000E-2
2.84000000E-3	2.40000000E-2
2.84500000E-3	2.40000000E-2
2.85000000E-3	2.40000000E-2
2.85500000E-3	2.40000000E-2
2.86000000E-3	2.40000000E-2
2.86500000E-3	2.00000000E-2
2.87000000E-3	2.00000000E-2
2.87500000E-3	2.40000000E-2
2.88000000E-3	2.40000000E-2
2.88500000E-3	2.40000000E-2
2.89000000E-3	2.00000000E-2
2.89500000E-3	2.40000000E-2
2.90000000E-3	2.40000000E-2
2.90500000E-3	2.40000000E-2
2.91000000E-3	2.00000000E-2
2.91500000E-3	2.40000000E-2
2.92000000E-3	2.80000000E-2
2.92500000E-3	2.40000000E-2
2.93000000E-3	2.00000000E-2
2.93500000E-3	2.40000000E-2
2.94000000E-3	2.00000000E-2
2.94500000E-3	2.40000000E-2
2.95000000E-3	2.00000000E-2
2.95500000E-3	2.40000000E-2
2.96000000E-3	2.00000000E-2
2.96500000E-3	2.40000000E-2
2.97000000E-3	2.00000000E-2
2.97500000E-3	2.00000000E-2
2.98000000E-3	2.40000000E-2
2.98500000E-3	2.40000000E-2
2.99000000E-3	2.00000000E-2
2.99500000E-3	2.00000000E-2
3.00000000E-3	2.40000000E-2
3.00500000E-3	2.40000000E-2
3.01000000E-3	2.00000000E-2
3.01500000E-3	2.00000000E-2
3.02000000E-3	2.00000000E-2
3.02500000E-3	2.00000000E-2
3.03000000E-3	2.40000000E-2
3.03500000E-3	2.00000000E-2
3.04000000E-3	2.40000000E-2
3.04500000E-3	2.40000000E-2
3.05000000E-3	2.00000000E-2
3.05500000E-3	2.40000000E-2
3.06000000E-3	2.40000000E-2
3.06500000E-3	2.00000000E-2
3.07000000E-3	2.00000000E-2
3.07500000E-3	2.00000000E-2
3.08000000E-3	2.40000000E-2
3.08500000E-3	2.40000000E-2
3.09000000E-3	2.40000000E-2
3.09500000E-3	2.00000000E-2
3.10000000E-3	2.40000000E-2
3.10500000E-3	2.00000000E-2
3.11000000E-3	2.00000000E-2
3.11500000E-3	1.60000000E-2
3.12000000E-3	2.00000000E-2
3.12500000E-3	2.00000000E-2
3.13000000E-3	2.40000000E-2
3.13500000E-3	2.00000000E-2
3.14000000E-3	2.00000000E-2
3.14500000E-3	2.40000000E-2
3.15000000E-3	2.40000000E-2
3.15500000E-3	2.40000000E-2
3.16000000E-3	2.40000000E-2
3.16500000E-3	2.40000000E-2
3.17000000E-3	2.00000000E-2
3.17500000E-3	2.40000000E-2
3.18000000E-3	2.40000000E-2
3.18500000E-3	2.40000000E-2
3.19000000E-3	2.40000000E-2
3.19500000E-3	2.40000000E-2
3.20000000E-3	2.00000000E-2
3.20500000E-3	2.40000000E-2
3.21000000E-3	2.00000000E-2
3.21500000E-3	2.40000000E-2
3.22000000E-3	2.40000000E-2
3.22500000E-3	2.00000000E-2
3.23000000E-3	2.00000000E-2
3.23500000E-3	2.40000000E-2
3.24000000E-3	2.00000000E-2
3.24500000E-3	2.00000000E-2
3.25000000E-3	1.60000000E-2
3.25500000E-3	2.40000000E-2
3.26000000E-3	2.40000000E-2
3.26500000E-3	2.40000000E-2
3.27000000E-3	2.40000000E-2
3.27500000E-3	2.00000000E-2
3.28000000E-3	2.00000000E-2
3.28500000E-3	2.00000000E-2
3.29000000E-3	2.40000000E-2
3.29500000E-3	2.40000000E-2
3.30000000E-3	2.00000000E-2
3.30500000E-3	2.40000000E-2
3.31000000E-3	2.40000000E-2
3.31500000E-3	2.40000000E-2
3.32000000E-3	2.40000000E-2
3.32500000E-3	2.40000000E-2
3.33000000E-3	2.40000000E-2
3.33500000E-3	2.40000000E-2
3.34000000E-3	2.40000000E-2
3.34500000E-3	2.40000000E-2
3.35000000E-3	2.40000000E-2
3.35500000E-3	2.00000000E-2
3.36000000E-3	2.40000000E-2
3.36500000E-3	2.40000000E-2
3.37000000E-3	2.40000000E-2
3.37500000E-3	2.40000000E-2
3.38000000E-3	2.00000000E-2
3.38500000E-3	2.40000000E-2
3.39000000E-3	2.40000000E-2
3.39500000E-3	2.00000000E-2
3.40000000E-3	2.40000000E-2
3.40500000E-3	2.40000000E-2
3.41000000E-3	2.40000000E-2
3.41500000E-3	2.40000000E-2
3.42000000E-3	2.00000000E-2
3.42500000E-3	2.40000000E-2
3.43000000E-3	2.00000000E-2
3.43500000E-3	2.40000000E-2
3.44000000E-3	2.40000000E-2
3.44500000E-3	2.40000000E-2
3.45000000E-3	2.00000000E-2
3.45500000E-3	2.40000000E-2
3.46000000E-3	2.00000000E-2
3.46500000E-3	2.40000000E-2
3.47000000E-3	2.00000000E-2
3.47500000E-3	2.40000000E-2
3.48000000E-3	2.40000000E-2
3.48500000E-3	2.00000000E-2
3.49000000E-3	2.40000000E-2
3.49500000E-3	2.40000000E-2
3.50000000E-3	2.40000000E-2
3.50500000E-3	2.40000000E-2
3.51000000E-3	2.40000000E-2
3.51500000E-3	1.60000000E-2
3.52000000E-3	1.60000000E-2
3.52500000E-3	1.60000000E-2
3.53000000E-3	1.20000000E-2
3.53500000E-3	2.80000000E-2
3.54000000E-3	6.40000000E-2
3.54500000E-3	9.20000000E-2
3.55000000E-3	1.16000000E-1
3.55500000E-3	1.36000000E-1
3.56000000E-3	1.48000000E-1
3.56500000E-3	1.60000000E-1
3.57000000E-3	1.72000000E-1
3.57500000E-3	1.76000000E-1
3.58000000E-3	1.76000000E-1
3.58500000E-3	1.80000000E-1
3.59000000E-3	1.76000000E-1
3.59500000E-3	1.76000000E-1
3.60000000E-3	1.76000000E-1
3.60500000E-3	1.72000000E-1
3.61000000E-3	1.64000000E-1
3.61500000E-3	1.64000000E-1
3.62000000E-3	1.60000000E-1
3.62500000E-3	1.48000000E-1
3.63000000E-3	1.48000000E-1
3.63500000E-3	1.44000000E-1
3.64000000E-3	1.36000000E-1
3.64500000E-3	1.32000000E-1
3.65000000E-3	1.28000000E-1
3.65500000E-3	1.24000000E-1
3.66000000E-3	1.16000000E-1
3.66500000E-3	1.16000000E-1
3.67000000E-3	1.12000000E-1
3.67500000E-3	1.04000000E-1
3.68000000E-3	1.04000000E-1
3.68500000E-3	1.00000000E-1
3.69000000E-3	1.00000000E-1
3.69500000E-3	9.20000000E-2
3.70000000E-3	8.80000000E-2
3.70500000E-3	8.80000000E-2
3.71000000E-3	8.40000000E-2
3.71500000E-3	8.00000000E-2
3.72000000E-3	7.60000000E-2
3.72500000E-3	7.60000000E-2
3.73000000E-3	7.20000000E-2
3.73500000E-3	7.60000000E-2
3.74000000E-3	6.80000000E-2
3.74500000E-3	6.40000000E-2
3.75000000E-3	6.40000000E-2
3.75500000E-3	6.40000000E-2
3.76000000E-3	6.00000000E-2
3.76500000E-3	5.60000000E-2
3.77000000E-3	5.60000000E-2
3.77500000E-3	5.20000000E-2
3.78000000E-3	5.20000000E-2
3.78500000E-3	4.80000000E-2
3.79000000E-3	4.80000000E-2
3.79500000E-3	5.20000000E-2
3.80000000E-3	4.80000000E-2
3.80500000E-3	4.80000000E-2
3.81000000E-3	4.40000000E-2
3.81500000E-3	4.80000000E-2
3.82000000E-3	4.40000000E-2
3.82500000E-3	4.40000000E-2
3.83000000E-3	4.40000000E-2
3.83500000E-3	4.00000000E-2
3.84000000E-3	4.00000000E-2
3.84500000E-3	4.00000000E-2
3.85000000E-3	4.00000000E-2
3.85500000E-3	4.00000000E-2
3.86000000E-3	3.60000000E-2
3.86500000E-3	3.60000000E-2
3.87000000E-3	4.00000000E-2
3.87500000E-3	3.60000000E-2
3.88000000E-3	3.60000000E-2
3.88500000E-3	3.60000000E-2
3.89000000E-3	3.60000000E-2
3.89500000E-3	3.60000000E-2
3.90000000E-3	3.20000000E-2
3.90500000E-3	3.20000000E-2
3.91000000E-3	3.60000000E-2
3.91500000E-3	3.60000000E-2
3.92000000E-3	3.20000000E-2
3.92500000E-3	3.20000000E-2
3.93000000E-3	3.60000000E-2
3.93500000E-3	3.20000000E-2
3.94000000E-3	2.80000000E-2
3.94500000E-3	2.80000000E-2
3.95000000E-3	3.20000000E-2
3.95500000E-3	3.20000000E-2
3.96000000E-3	3.60000000E-2
3.96500000E-3	2.80000000E-2
3.97000000E-3	3.20000000E-2
3.97500000E-3	3.20000000E-2
3.98000000E-3	3.20000000E-2
3.98500000E-3	2.80000000E-2
3.99000000E-3	3.20000000E-2
3.99500000E-3	2.80000000E-2
4.00000000E-3	3.20000000E-2
4.00500000E-3	3.20000000E-2
4.01000000E-3	3.20000000E-2
4.01500000E-3	3.20000000E-2
4.02000000E-3	2.80000000E-2
4.02500000E-3	2.80000000E-2
4.03000000E-3	2.80000000E-2
4.03500000E-3	2.80000000E-2
4.04000000E-3	2.80000000E-2
4.04500000E-3	3.20000000E-2
4.05000000E-3	2.80000000E-2
4.05500000E-3	2.80000000E-2
4.06000000E-3	3.20000000E-2
4.06500000E-3	2.80000000E-2
4.07000000E-3	2.80000000E-2
4.07500000E-3	2.80000000E-2
4.08000000E-3	2.40000000E-2
4.08500000E-3	2.80000000E-2
4.09000000E-3	2.80000000E-2
4.09500000E-3	3.20000000E-2
4.10000000E-3	2.80000000E-2
4.10500000E-3	2.80000000E-2
4.11000000E-3	2.80000000E-2
4.11500000E-3	3.20000000E-2
4.12000000E-3	2.80000000E-2
4.12500000E-3	2.80000000E-2
4.13000000E-3	2.80000000E-2
4.13500000E-3	2.80000000E-2
4.14000000E-3	2.80000000E-2
4.14500000E-3	2.80000000E-2
4.15000000E-3	2.80000000E-2
4.15500000E-3	2.40000000E-2
4.16000000E-3	2.80000000E-2
4.16500000E-3	2.80000000E-2
4.17000000E-3	2.40000000E-2
4.17500000E-3	2.80000000E-2
4.18000000E-3	2.80000000E-2
4.18500000E-3	2.80000000E-2
4.19000000E-3	3.20000000E-2
4.19500000E-3	2.40000000E-2
4.20000000E-3	2.40000000E-2
4.20500000E-3	2.40000000E-2
4.21000000E-3	2.80000000E-2
4.21500000E-3	2.80000000E-2
4.22000000E-3	2.80000000E-2
4.22500000E-3	2.40000000E-2
4.23000000E-3	2.40000000E-2
4.23500000E-3	2.80000000E-2
4.24000000E-3	2.80000000E-2
4.24500000E-3	2.80000000E-2
4.25000000E-3	2.80000000E-2
4.25500000E-3	2.40000000E-2
4.26000000E-3	2.40000000E-2
4.26500000E-3	2.40000000E-2
4.27000000E-3	2.40000000E-2
4.27500000E-3	2.40000000E-2
4.28000000E-3	2.80000000E-2
4.28500000E-3	2.40000000E-2
4.29000000E-3	2.40000000E-2
4.29500000E-3	2.80000000E-2
4.30000000E-3	2.40000000E-2
4.30500000E-3	2.40000000E-2
4.31000000E-3	2.00000000E-2
4.31500000E-3	2.40000000E-2
4.32000000E-3	2.40000000E-2
4.32500000E-3	2.00000000E-2
4.33000000E-3	2.00000000E-2
4.33500000E-3	2.40000000E-2
4.34000000E-3	2.40000000E-2
4.34500000E-3	2.40000000E-2
4.35000000E-3	2.00000000E-2
4.35500000E-3	2.00000000E-2
4.36000000E-3	1.60000000E-2
4.36500000E-3	2.00000000E-2
4.37000000E-3	2.00000000E-2
4.37500000E-3	2.00000000E-2
4.38000000E-3	2.00000000E-2
4.38500000E-3	1.60000000E-2
4.39000000E-3	1.60000000E-2
4.39500000E-3	1.60000000E-2
4.40000000E-3	1.20000000E-2
4.40500000E-3	2.00000000E-2
4.41000000E-3	1.20000000E-2
4.41500000E-3	1.60000000E-2
4.42000000E-3	1.20000000E-2
4.42500000E-3	1.60000000E-2
4.43000000E-3	1.60000000E-2
4.43500000E-3	1.60000000E-2
4.44000000E-3	2.00000000E-2
4.44500000E-3	1.60000000E-2
4.45000000E-3	1.60000000E-2
4.45500000E-3	1.60000000E-2
4.46000000E-3	2.00000000E-2
4.46500000E-3	2.00000000E-2
4.47000000E-3	2.00000000E-2
4.47500000E-3	2.40000000E-2
4.48000000E-3	2.40000000E-2
4.48500000E-3	2.40000000E-2
4.49000000E-3	2.40000000E-2
4.49500000E-3	2.40000000E-2
4.50000000E-3	2.40000000E-2
4.50500000E-3	2.40000000E-2
4.51000000E-3	2.40000000E-2
4.51500000E-3	2.40000000E-2
4.52000000E-3	2.80000000E-2
4.52500000E-3	2.40000000E-2
4.53000000E-3	2.80000000E-2
4.53500000E-3	2.40000000E-2
4.54000000E-3	2.80000000E-2
4.54500000E-3	2.40000000E-2
4.55000000E-3	2.40000000E-2
4.55500000E-3	2.40000000E-2
4.56000000E-3	2.40000000E-2
4.56500000E-3	2.40000000E-2
4.57000000E-3	2.40000000E-2
4.57500000E-3	2.40000000E-2
4.58000000E-3	2.00000000E-2
4.58500000E-3	2.00000000E-2
4.59000000E-3	2.00000000E-2
4.59500000E-3	2.00000000E-2
4.60000000E-3	2.00000000E-2
4.60500000E-3	1.60000000E-2
4.61000000E-3	1.60000000E-2
4.61500000E-3	1.60000000E-2
4.62000000E-3	1.60000000E-2
4.62500000E-3	1.60000000E-2
4.63000000E-3	1.60000000E-2
4.63500000E-3	1.60000000E-2
4.64000000E-3	2.00000000E-2
4.64500000E-3	1.60000000E-2
4.65000000E-3	1.60000000E-2
4.65500000E-3	1.60000000E-2
4.66000000E-3	1.60000000E-2
4.66500000E-3	2.00000000E-2
4.67000000E-3	1.60000000E-2
4.67500000E-3	2.00000000E-2
4.68000000E-3	1.60000000E-2
4.68500000E-3	1.20000000E-2
4.69000000E-3	1.60000000E-2
4.69500000E-3	1.60000000E-2
4.70000000E-3	1.60000000E-2
4.70500000E-3	2.40000000E-2
4.71000000E-3	2.00000000E-2
4.71500000E-3	2.00000000E-2
4.72000000E-3	2.00000000E-2
4.72500000E-3	2.00000000E-2
4.73000000E-3	2.00000000E-2
4.73500000E-3	1.60000000E-2
4.74000000E-3	2.40000000E-2
4.74500000E-3	2.00000000E-2
4.75000000E-3	2.00000000E-2
4.75500000E-3	2.00000000E-2
4.76000000E-3	2.40000000E-2
4.76500000E-3	2.00000000E-2
4.77000000E-3	2.40000000E-2
4.77500000E-3	2.40000000E-2
4.78000000E-3	2.00000000E-2
4.78500000E-3	2.00000000E-2
4.79000000E-3	2.00000000E-2
4.79500000E-3	2.00000000E-2
4.80000000E-3	2.00000000E-2
4.80500000E-3	2.00000000E-2
4.81000000E-3	2.00000000E-2
4.81500000E-3	2.00000000E-2
4.82000000E-3	2.40000000E-2
4.82500000E-3	2.00000000E-2
4.83000000E-3	2.00000000E-2
4.83500000E-3	2.00000000E-2
4.84000000E-3	2.40000000E-2
4.84500000E-3	2.00000000E-2
4.85000000E-3	2.00000000E-2
4.85500000E-3	2.40000000E-2
4.86000000E-3	2.40000000E-2
4.86500000E-3	2.00000000E-2
4.87000000E-3	2.00000000E-2
4.87500000E-3	2.00000000E-2
4.88000000E-3	2.40000000E-2
4.88500000E-3	2.40000000E-2
4.89000000E-3	2.40000000E-2
4.89500000E-3	2.00000000E-2
4.90000000E-3	2.00000000E-2
4.90500000E-3	2.40000000E-2
4.91000000E-3	2.40000000E-2
4.91500000E-3	2.00000000E-2
4.92000000E-3	2.40000000E-2
4.92500000E-3	2.00000000E-2
4.93000000E-3	2.00000000E-2
4.93500000E-3	2.40000000E-2
4.94000000E-3	2.40000000E-2
4.94500000E-3	2.40000000E-2
4.95000000E-3	2.40000000E-2
4.95500000E-3	2.40000000E-2
4.96000000E-3	2.00000000E-2
4.96500000E-3	2.00000000E-2
4.97000000E-3	2.00000000E-2
4.97500000E-3	2.40000000E-2
4.98000000E-3	2.00000000E-2
4.98500000E-3	2.00000000E-2
4.99000000E-3	2.40000000E-2
4.99500000E-3	2.40000000E-2
