
0.00000000E+0	2.00000000E-2
2.00000000E-4	2.00000000E-2
4.00000000E-4	2.40000000E-2
6.00000000E-4	2.00000000E-2
8.00000000E-4	2.40000000E-2
1.00000000E-3	2.00000000E-2
1.20000000E-3	2.00000000E-2
1.40000000E-3	2.00000000E-2
1.60000000E-3	2.00000000E-2
1.80000000E-3	2.40000000E-2
2.00000000E-3	2.40000000E-2
2.20000000E-3	2.00000000E-2
2.40000000E-3	2.00000000E-2
2.60000000E-3	2.00000000E-2
2.80000000E-3	2.40000000E-2
3.00000000E-3	2.00000000E-2
3.20000000E-3	2.00000000E-2
3.40000000E-3	2.00000000E-2
3.60000000E-3	2.00000000E-2
3.80000000E-3	1.60000000E-2
4.00000000E-3	2.40000000E-2
4.20000000E-3	2.00000000E-2
4.40000000E-3	2.00000000E-2
4.60000000E-3	2.40000000E-2
4.80000000E-3	2.00000000E-2
5.00000000E-3	2.00000000E-2
5.20000000E-3	2.00000000E-2
5.40000000E-3	2.40000000E-2
5.60000000E-3	2.40000000E-2
5.80000000E-3	2.40000000E-2
6.00000000E-3	2.00000000E-2
6.20000000E-3	2.00000000E-2
6.40000000E-3	2.00000000E-2
6.60000000E-3	2.00000000E-2
6.80000000E-3	2.00000000E-2
7.00000000E-3	2.00000000E-2
7.20000000E-3	2.00000000E-2
7.40000000E-3	2.00000000E-2
7.60000000E-3	2.00000000E-2
7.80000000E-3	2.00000000E-2
8.00000000E-3	2.00000000E-2
8.20000000E-3	2.40000000E-2
8.40000000E-3	2.40000000E-2
8.60000000E-3	2.40000000E-2
8.80000000E-3	2.00000000E-2
9.00000000E-3	2.40000000E-2
9.20000000E-3	1.60000000E-2
9.40000000E-3	2.40000000E-2
9.60000000E-3	2.40000000E-2
9.80000000E-3	2.00000000E-2
1.00000000E-2	2.40000000E-2
1.02000000E-2	2.00000000E-2
1.04000000E-2	2.00000000E-2
1.06000000E-2	1.60000000E-2
1.08000000E-2	2.40000000E-2
1.10000000E-2	2.40000000E-2
1.12000000E-2	2.40000000E-2
1.14000000E-2	1.60000000E-2
1.16000000E-2	2.40000000E-2
1.18000000E-2	1.60000000E-2
1.20000000E-2	2.00000000E-2
1.22000000E-2	2.00000000E-2
1.24000000E-2	2.00000000E-2
1.26000000E-2	2.00000000E-2
1.28000000E-2	2.40000000E-2
1.30000000E-2	2.40000000E-2
1.32000000E-2	2.40000000E-2
1.34000000E-2	2.00000000E-2
1.36000000E-2	2.00000000E-2
1.38000000E-2	2.00000000E-2
1.40000000E-2	2.00000000E-2
1.42000000E-2	2.00000000E-2
1.44000000E-2	2.40000000E-2
1.46000000E-2	1.60000000E-2
1.48000000E-2	2.40000000E-2
1.50000000E-2	2.00000000E-2
1.52000000E-2	2.00000000E-2
1.54000000E-2	2.00000000E-2
1.56000000E-2	2.00000000E-2
1.58000000E-2	2.00000000E-2
1.60000000E-2	2.40000000E-2
1.62000000E-2	2.00000000E-2
1.64000000E-2	2.00000000E-2
1.66000000E-2	2.00000000E-2
1.68000000E-2	1.60000000E-2
1.70000000E-2	1.60000000E-2
1.72000000E-2	2.00000000E-2
1.74000000E-2	2.00000000E-2
1.76000000E-2	2.00000000E-2
1.78000000E-2	2.00000000E-2
1.80000000E-2	2.00000000E-2
1.82000000E-2	2.00000000E-2
1.84000000E-2	2.00000000E-2
1.86000000E-2	2.00000000E-2
1.88000000E-2	2.00000000E-2
1.90000000E-2	1.60000000E-2
1.92000000E-2	2.00000000E-2
1.94000000E-2	1.60000000E-2
1.96000000E-2	2.00000000E-2
1.98000000E-2	2.00000000E-2
2.00000000E-2	2.40000000E-2
2.02000000E-2	2.40000000E-2
2.04000000E-2	2.00000000E-2
2.06000000E-2	2.00000000E-2
2.08000000E-2	2.40000000E-2
2.10000000E-2	2.80000000E-2
2.12000000E-2	2.00000000E-2
2.14000000E-2	2.00000000E-2
2.16000000E-2	2.00000000E-2
2.18000000E-2	2.40000000E-2
2.20000000E-2	2.40000000E-2
2.22000000E-2	2.40000000E-2
2.24000000E-2	2.00000000E-2
2.26000000E-2	2.40000000E-2
2.28000000E-2	2.00000000E-2
2.30000000E-2	2.40000000E-2
2.32000000E-2	2.00000000E-2
2.34000000E-2	2.00000000E-2
2.36000000E-2	2.00000000E-2
2.38000000E-2	2.40000000E-2
2.40000000E-2	1.60000000E-2
2.42000000E-2	2.00000000E-2
2.44000000E-2	2.00000000E-2
2.46000000E-2	2.00000000E-2
2.48000000E-2	2.40000000E-2
2.50000000E-2	2.00000000E-2
2.52000000E-2	2.00000000E-2
2.54000000E-2	2.00000000E-2
2.56000000E-2	2.00000000E-2
2.58000000E-2	2.00000000E-2
2.60000000E-2	2.40000000E-2
2.62000000E-2	2.40000000E-2
2.64000000E-2	2.00000000E-2
2.66000000E-2	2.00000000E-2
2.68000000E-2	2.00000000E-2
2.70000000E-2	2.40000000E-2
2.72000000E-2	2.00000000E-2
2.74000000E-2	2.40000000E-2
2.76000000E-2	2.40000000E-2
2.78000000E-2	2.00000000E-2
2.80000000E-2	2.40000000E-2
2.82000000E-2	2.00000000E-2
2.84000000E-2	2.00000000E-2
2.86000000E-2	2.40000000E-2
2.88000000E-2	2.00000000E-2
2.90000000E-2	2.00000000E-2
2.92000000E-2	2.40000000E-2
2.94000000E-2	2.00000000E-2
2.96000000E-2	2.40000000E-2
2.98000000E-2	2.40000000E-2
3.00000000E-2	2.40000000E-2
3.02000000E-2	2.40000000E-2
3.04000000E-2	2.00000000E-2
3.06000000E-2	2.40000000E-2
3.08000000E-2	2.40000000E-2
3.10000000E-2	2.00000000E-2
3.12000000E-2	2.40000000E-2
3.14000000E-2	2.40000000E-2
3.16000000E-2	2.40000000E-2
3.18000000E-2	2.40000000E-2
3.20000000E-2	2.40000000E-2
3.22000000E-2	2.00000000E-2
3.24000000E-2	2.00000000E-2
3.26000000E-2	2.00000000E-2
3.28000000E-2	2.00000000E-2
3.30000000E-2	2.40000000E-2
3.32000000E-2	2.40000000E-2
3.34000000E-2	2.00000000E-2
3.36000000E-2	2.40000000E-2
3.38000000E-2	2.40000000E-2
3.40000000E-2	2.40000000E-2
3.42000000E-2	2.00000000E-2
3.44000000E-2	2.00000000E-2
3.46000000E-2	2.00000000E-2
3.48000000E-2	2.00000000E-2
3.50000000E-2	2.00000000E-2
3.52000000E-2	2.40000000E-2
3.54000000E-2	2.00000000E-2
3.56000000E-2	2.00000000E-2
3.58000000E-2	2.00000000E-2
3.60000000E-2	2.40000000E-2
3.62000000E-2	2.40000000E-2
3.64000000E-2	2.40000000E-2
3.66000000E-2	2.00000000E-2
3.68000000E-2	2.40000000E-2
3.70000000E-2	2.40000000E-2
3.72000000E-2	2.00000000E-2
3.74000000E-2	2.00000000E-2
3.76000000E-2	2.40000000E-2
3.78000000E-2	2.40000000E-2
3.80000000E-2	2.40000000E-2
3.82000000E-2	2.40000000E-2
3.84000000E-2	2.00000000E-2
3.86000000E-2	2.40000000E-2
3.88000000E-2	2.00000000E-2
3.90000000E-2	2.00000000E-2
3.92000000E-2	2.40000000E-2
3.94000000E-2	2.40000000E-2
3.96000000E-2	2.40000000E-2
3.98000000E-2	2.40000000E-2
4.00000000E-2	2.40000000E-2
4.02000000E-2	2.40000000E-2
4.04000000E-2	2.00000000E-2
4.06000000E-2	2.00000000E-2
4.08000000E-2	2.00000000E-2
4.10000000E-2	2.00000000E-2
4.12000000E-2	2.40000000E-2
4.14000000E-2	2.00000000E-2
4.16000000E-2	2.40000000E-2
4.18000000E-2	2.00000000E-2
4.20000000E-2	2.40000000E-2
4.22000000E-2	2.00000000E-2
4.24000000E-2	2.00000000E-2
4.26000000E-2	2.40000000E-2
4.28000000E-2	2.40000000E-2
4.30000000E-2	2.40000000E-2
4.32000000E-2	2.00000000E-2
4.34000000E-2	2.00000000E-2
4.36000000E-2	2.00000000E-2
4.38000000E-2	2.40000000E-2
4.40000000E-2	2.40000000E-2
4.42000000E-2	2.40000000E-2
4.44000000E-2	2.40000000E-2
4.46000000E-2	2.40000000E-2
4.48000000E-2	2.40000000E-2
4.50000000E-2	2.40000000E-2
4.52000000E-2	2.00000000E-2
4.54000000E-2	2.40000000E-2
4.56000000E-2	2.00000000E-2
4.58000000E-2	2.40000000E-2
4.60000000E-2	2.00000000E-2
4.62000000E-2	2.00000000E-2
4.64000000E-2	2.40000000E-2
4.66000000E-2	2.40000000E-2
4.68000000E-2	2.00000000E-2
4.70000000E-2	2.00000000E-2
4.72000000E-2	2.40000000E-2
4.74000000E-2	2.00000000E-2
4.76000000E-2	2.00000000E-2
4.78000000E-2	2.00000000E-2
4.80000000E-2	2.40000000E-2
4.82000000E-2	2.40000000E-2
4.84000000E-2	2.00000000E-2
4.86000000E-2	2.40000000E-2
4.88000000E-2	2.00000000E-2
4.90000000E-2	2.40000000E-2
4.92000000E-2	2.00000000E-2
4.94000000E-2	2.40000000E-2
4.96000000E-2	2.00000000E-2
4.98000000E-2	2.00000000E-2
5.00000000E-2	2.40000000E-2
5.02000000E-2	2.00000000E-2
5.04000000E-2	2.40000000E-2
5.06000000E-2	1.60000000E-2
5.08000000E-2	2.00000000E-2
5.10000000E-2	2.00000000E-2
5.12000000E-2	2.40000000E-2
5.14000000E-2	2.00000000E-2
5.16000000E-2	1.60000000E-2
5.18000000E-2	2.40000000E-2
5.20000000E-2	2.00000000E-2
5.22000000E-2	2.00000000E-2
5.24000000E-2	2.00000000E-2
5.26000000E-2	2.40000000E-2
5.28000000E-2	2.00000000E-2
5.30000000E-2	2.00000000E-2
5.32000000E-2	2.00000000E-2
5.34000000E-2	2.40000000E-2
5.36000000E-2	2.00000000E-2
5.38000000E-2	2.40000000E-2
5.40000000E-2	2.00000000E-2
5.42000000E-2	2.00000000E-2
5.44000000E-2	2.40000000E-2
5.46000000E-2	2.00000000E-2
5.48000000E-2	2.40000000E-2
5.50000000E-2	2.00000000E-2
5.52000000E-2	2.00000000E-2
5.54000000E-2	2.40000000E-2
5.56000000E-2	2.00000000E-2
5.58000000E-2	2.00000000E-2
5.60000000E-2	2.00000000E-2
5.62000000E-2	2.40000000E-2
5.64000000E-2	2.40000000E-2
5.66000000E-2	2.00000000E-2
5.68000000E-2	2.00000000E-2
5.70000000E-2	2.40000000E-2
5.72000000E-2	2.40000000E-2
5.74000000E-2	2.00000000E-2
5.76000000E-2	2.40000000E-2
5.78000000E-2	2.00000000E-2
5.80000000E-2	2.40000000E-2
5.82000000E-2	1.60000000E-2
5.84000000E-2	2.40000000E-2
5.86000000E-2	2.00000000E-2
5.88000000E-2	2.00000000E-2
5.90000000E-2	2.00000000E-2
5.92000000E-2	2.80000000E-2
5.94000000E-2	1.60000000E-2
5.96000000E-2	2.40000000E-2
5.98000000E-2	2.40000000E-2
6.00000000E-2	1.60000000E-2
6.02000000E-2	2.00000000E-2
6.04000000E-2	2.00000000E-2
6.06000000E-2	2.00000000E-2
6.08000000E-2	2.40000000E-2
6.10000000E-2	2.40000000E-2
6.12000000E-2	2.40000000E-2
6.14000000E-2	2.40000000E-2
6.16000000E-2	2.40000000E-2
6.18000000E-2	2.00000000E-2
6.20000000E-2	2.00000000E-2
6.22000000E-2	2.00000000E-2
6.24000000E-2	2.40000000E-2
6.26000000E-2	2.40000000E-2
6.28000000E-2	2.00000000E-2
6.30000000E-2	2.00000000E-2
6.32000000E-2	2.40000000E-2
6.34000000E-2	2.00000000E-2
6.36000000E-2	2.00000000E-2
6.38000000E-2	2.00000000E-2
6.40000000E-2	2.40000000E-2
6.42000000E-2	2.00000000E-2
6.44000000E-2	1.60000000E-2
6.46000000E-2	2.40000000E-2
6.48000000E-2	2.40000000E-2
6.50000000E-2	2.00000000E-2
6.52000000E-2	2.40000000E-2
6.54000000E-2	2.00000000E-2
6.56000000E-2	2.40000000E-2
6.58000000E-2	2.00000000E-2
6.60000000E-2	2.00000000E-2
6.62000000E-2	2.40000000E-2
6.64000000E-2	2.00000000E-2
6.66000000E-2	2.00000000E-2
6.68000000E-2	2.00000000E-2
6.70000000E-2	2.00000000E-2
6.72000000E-2	2.40000000E-2
6.74000000E-2	2.40000000E-2
6.76000000E-2	2.00000000E-2
6.78000000E-2	2.00000000E-2
6.80000000E-2	2.40000000E-2
6.82000000E-2	2.00000000E-2
6.84000000E-2	2.00000000E-2
6.86000000E-2	2.40000000E-2
6.88000000E-2	2.00000000E-2
6.90000000E-2	2.40000000E-2
6.92000000E-2	2.80000000E-2
6.94000000E-2	2.00000000E-2
6.96000000E-2	2.00000000E-2
6.98000000E-2	2.00000000E-2
7.00000000E-2	2.40000000E-2
7.02000000E-2	2.40000000E-2
7.04000000E-2	2.00000000E-2
7.06000000E-2	2.40000000E-2
7.08000000E-2	2.40000000E-2
7.10000000E-2	2.40000000E-2
7.12000000E-2	2.40000000E-2
7.14000000E-2	2.00000000E-2
7.16000000E-2	2.40000000E-2
7.18000000E-2	2.00000000E-2
7.20000000E-2	2.40000000E-2
7.22000000E-2	2.00000000E-2
7.24000000E-2	2.00000000E-2
7.26000000E-2	2.00000000E-2
7.28000000E-2	2.40000000E-2
7.30000000E-2	2.40000000E-2
7.32000000E-2	2.00000000E-2
7.34000000E-2	2.40000000E-2
7.36000000E-2	1.60000000E-2
7.38000000E-2	2.00000000E-2
7.40000000E-2	2.40000000E-2
7.42000000E-2	2.00000000E-2
7.44000000E-2	2.00000000E-2
7.46000000E-2	2.40000000E-2
7.48000000E-2	2.00000000E-2
7.50000000E-2	2.40000000E-2
7.52000000E-2	2.00000000E-2
7.54000000E-2	2.40000000E-2
7.56000000E-2	2.00000000E-2
7.58000000E-2	2.00000000E-2
7.60000000E-2	2.00000000E-2
7.62000000E-2	2.00000000E-2
7.64000000E-2	2.00000000E-2
7.66000000E-2	2.00000000E-2
7.68000000E-2	2.00000000E-2
7.70000000E-2	2.00000000E-2
7.72000000E-2	2.40000000E-2
7.74000000E-2	2.40000000E-2
7.76000000E-2	2.40000000E-2
7.78000000E-2	2.40000000E-2
7.80000000E-2	2.40000000E-2
7.82000000E-2	2.40000000E-2
7.84000000E-2	2.00000000E-2
7.86000000E-2	2.00000000E-2
7.88000000E-2	2.00000000E-2
7.90000000E-2	2.00000000E-2
7.92000000E-2	2.40000000E-2
7.94000000E-2	2.00000000E-2
7.96000000E-2	2.00000000E-2
7.98000000E-2	2.00000000E-2
8.00000000E-2	2.00000000E-2
8.02000000E-2	2.00000000E-2
8.04000000E-2	2.00000000E-2
8.06000000E-2	2.40000000E-2
8.08000000E-2	2.00000000E-2
8.10000000E-2	2.00000000E-2
8.12000000E-2	2.00000000E-2
8.14000000E-2	2.00000000E-2
8.16000000E-2	2.40000000E-2
8.18000000E-2	2.00000000E-2
8.20000000E-2	2.00000000E-2
8.22000000E-2	2.40000000E-2
8.24000000E-2	2.00000000E-2
8.26000000E-2	2.00000000E-2
8.28000000E-2	2.00000000E-2
8.30000000E-2	2.00000000E-2
8.32000000E-2	2.00000000E-2
8.34000000E-2	2.00000000E-2
8.36000000E-2	2.00000000E-2
8.38000000E-2	1.60000000E-2
8.40000000E-2	2.00000000E-2
8.42000000E-2	2.00000000E-2
8.44000000E-2	2.00000000E-2
8.46000000E-2	2.40000000E-2
8.48000000E-2	2.00000000E-2
8.50000000E-2	2.00000000E-2
8.52000000E-2	2.40000000E-2
8.54000000E-2	2.00000000E-2
8.56000000E-2	2.40000000E-2
8.58000000E-2	2.00000000E-2
8.60000000E-2	2.00000000E-2
8.62000000E-2	2.00000000E-2
8.64000000E-2	2.00000000E-2
8.66000000E-2	2.80000000E-2
8.68000000E-2	2.00000000E-2
8.70000000E-2	2.40000000E-2
8.72000000E-2	2.00000000E-2
8.74000000E-2	2.40000000E-2
8.76000000E-2	2.40000000E-2
8.78000000E-2	2.00000000E-2
8.80000000E-2	2.00000000E-2
8.82000000E-2	2.00000000E-2
8.84000000E-2	2.00000000E-2
8.86000000E-2	2.00000000E-2
8.88000000E-2	2.00000000E-2
8.90000000E-2	2.40000000E-2
8.92000000E-2	2.00000000E-2
8.94000000E-2	2.00000000E-2
8.96000000E-2	2.00000000E-2
8.98000000E-2	2.00000000E-2
9.00000000E-2	2.40000000E-2
9.02000000E-2	2.40000000E-2
9.04000000E-2	2.00000000E-2
9.06000000E-2	2.00000000E-2
9.08000000E-2	2.00000000E-2
9.10000000E-2	1.60000000E-2
9.12000000E-2	2.00000000E-2
9.14000000E-2	2.00000000E-2
9.16000000E-2	1.60000000E-2
9.18000000E-2	2.40000000E-2
9.20000000E-2	2.00000000E-2
9.22000000E-2	2.40000000E-2
9.24000000E-2	2.40000000E-2
9.26000000E-2	2.40000000E-2
9.28000000E-2	2.00000000E-2
9.30000000E-2	2.00000000E-2
9.32000000E-2	2.00000000E-2
9.34000000E-2	2.00000000E-2
9.36000000E-2	2.00000000E-2
9.38000000E-2	2.40000000E-2
9.40000000E-2	2.40000000E-2
9.42000000E-2	2.40000000E-2
9.44000000E-2	2.00000000E-2
9.46000000E-2	2.40000000E-2
9.48000000E-2	2.40000000E-2
9.50000000E-2	2.00000000E-2
9.52000000E-2	2.00000000E-2
9.54000000E-2	2.00000000E-2
9.56000000E-2	2.00000000E-2
9.58000000E-2	2.00000000E-2
9.60000000E-2	2.40000000E-2
9.62000000E-2	2.40000000E-2
9.64000000E-2	2.00000000E-2
9.66000000E-2	2.00000000E-2
9.68000000E-2	2.80000000E-2
9.70000000E-2	2.00000000E-2
9.72000000E-2	2.00000000E-2
9.74000000E-2	2.40000000E-2
9.76000000E-2	2.00000000E-2
9.78000000E-2	2.00000000E-2
9.80000000E-2	2.40000000E-2
9.82000000E-2	1.60000000E-2
9.84000000E-2	2.00000000E-2
9.86000000E-2	2.00000000E-2
9.88000000E-2	2.40000000E-2
9.90000000E-2	2.40000000E-2
9.92000000E-2	2.40000000E-2
9.94000000E-2	2.00000000E-2
9.96000000E-2	2.00000000E-2
9.98000000E-2	2.00000000E-2
1.00000000E-1	6.00000000E-2
1.00200000E-1	2.40000000E-2
1.00400000E-1	2.00000000E-2
1.00600000E-1	2.40000000E-2
1.00800000E-1	2.00000000E-2
1.01000000E-1	2.00000000E-2
1.01200000E-1	2.00000000E-2
1.01400000E-1	2.40000000E-2
1.01600000E-1	2.00000000E-2
1.01800000E-1	1.60000000E-2
1.02000000E-1	2.40000000E-2
1.02200000E-1	2.40000000E-2
1.02400000E-1	2.40000000E-2
1.02600000E-1	2.40000000E-2
1.02800000E-1	2.00000000E-2
1.03000000E-1	2.00000000E-2
1.03200000E-1	1.60000000E-2
1.03400000E-1	1.60000000E-2
1.03600000E-1	2.00000000E-2
1.03800000E-1	2.40000000E-2
1.04000000E-1	2.40000000E-2
1.04200000E-1	2.00000000E-2
1.04400000E-1	2.40000000E-2
1.04600000E-1	2.00000000E-2
1.04800000E-1	2.40000000E-2
1.05000000E-1	2.00000000E-2
1.05200000E-1	2.00000000E-2
1.05400000E-1	2.40000000E-2
1.05600000E-1	2.00000000E-2
1.05800000E-1	2.40000000E-2
1.06000000E-1	2.00000000E-2
1.06200000E-1	2.00000000E-2
1.06400000E-1	2.40000000E-2
1.06600000E-1	2.00000000E-2
1.06800000E-1	2.00000000E-2
1.07000000E-1	2.00000000E-2
1.07200000E-1	2.40000000E-2
1.07400000E-1	2.00000000E-2
1.07600000E-1	2.00000000E-2
1.07800000E-1	2.40000000E-2
1.08000000E-1	2.00000000E-2
1.08200000E-1	2.40000000E-2
1.08400000E-1	2.40000000E-2
1.08600000E-1	2.00000000E-2
1.08800000E-1	2.40000000E-2
1.09000000E-1	2.40000000E-2
1.09200000E-1	2.40000000E-2
1.09400000E-1	2.40000000E-2
1.09600000E-1	2.40000000E-2
1.09800000E-1	2.00000000E-2
1.10000000E-1	2.40000000E-2
1.10200000E-1	2.00000000E-2
1.10400000E-1	2.00000000E-2
1.10600000E-1	2.00000000E-2
1.10800000E-1	2.00000000E-2
1.11000000E-1	2.00000000E-2
1.11200000E-1	2.00000000E-2
1.11400000E-1	2.00000000E-2
1.11600000E-1	2.40000000E-2
1.11800000E-1	2.00000000E-2
1.12000000E-1	2.00000000E-2
1.12200000E-1	2.40000000E-2
1.12400000E-1	2.00000000E-2
1.12600000E-1	2.80000000E-2
1.12800000E-1	2.40000000E-2
1.13000000E-1	2.40000000E-2
1.13200000E-1	2.40000000E-2
1.13400000E-1	2.00000000E-2
1.13600000E-1	2.00000000E-2
1.13800000E-1	2.00000000E-2
1.14000000E-1	2.00000000E-2
1.14200000E-1	2.00000000E-2
1.14400000E-1	2.40000000E-2
1.14600000E-1	2.40000000E-2
1.14800000E-1	2.00000000E-2
1.15000000E-1	2.00000000E-2
1.15200000E-1	2.00000000E-2
1.15400000E-1	2.00000000E-2
1.15600000E-1	2.00000000E-2
1.15800000E-1	2.00000000E-2
1.16000000E-1	2.40000000E-2
1.16200000E-1	2.00000000E-2
1.16400000E-1	2.00000000E-2
1.16600000E-1	2.00000000E-2
1.16800000E-1	2.40000000E-2
1.17000000E-1	2.00000000E-2
1.17200000E-1	2.00000000E-2
1.17400000E-1	2.00000000E-2
1.17600000E-1	2.00000000E-2
1.17800000E-1	2.00000000E-2
1.18000000E-1	2.40000000E-2
1.18200000E-1	2.00000000E-2
1.18400000E-1	2.00000000E-2
1.18600000E-1	2.40000000E-2
1.18800000E-1	2.00000000E-2
1.19000000E-1	2.40000000E-2
1.19200000E-1	2.40000000E-2
1.19400000E-1	2.00000000E-2
1.19600000E-1	1.60000000E-2
1.19800000E-1	2.00000000E-2
1.20000000E-1	2.40000000E-2
1.20200000E-1	2.40000000E-2
1.20400000E-1	2.40000000E-2
1.20600000E-1	2.00000000E-2
1.20800000E-1	2.40000000E-2
1.21000000E-1	2.00000000E-2
1.21200000E-1	2.00000000E-2
1.21400000E-1	2.00000000E-2
1.21600000E-1	1.60000000E-2
1.21800000E-1	2.40000000E-2
1.22000000E-1	2.00000000E-2
1.22200000E-1	2.40000000E-2
1.22400000E-1	2.40000000E-2
1.22600000E-1	2.40000000E-2
1.22800000E-1	2.40000000E-2
1.23000000E-1	2.40000000E-2
1.23200000E-1	2.00000000E-2
1.23400000E-1	2.40000000E-2
1.23600000E-1	2.40000000E-2
1.23800000E-1	2.00000000E-2
1.24000000E-1	2.40000000E-2
1.24200000E-1	2.00000000E-2
1.24400000E-1	2.00000000E-2
1.24600000E-1	2.40000000E-2
1.24800000E-1	2.00000000E-2
1.25000000E-1	2.00000000E-2
1.25200000E-1	2.40000000E-2
1.25400000E-1	2.40000000E-2
1.25600000E-1	2.40000000E-2
1.25800000E-1	2.40000000E-2
1.26000000E-1	2.00000000E-2
1.26200000E-1	2.40000000E-2
1.26400000E-1	2.00000000E-2
1.26600000E-1	2.00000000E-2
1.26800000E-1	2.00000000E-2
1.27000000E-1	2.00000000E-2
1.27200000E-1	2.40000000E-2
1.27400000E-1	2.40000000E-2
1.27600000E-1	2.00000000E-2
1.27800000E-1	2.00000000E-2
1.28000000E-1	2.00000000E-2
1.28200000E-1	2.40000000E-2
1.28400000E-1	2.40000000E-2
1.28600000E-1	2.40000000E-2
1.28800000E-1	2.40000000E-2
1.29000000E-1	2.40000000E-2
1.29200000E-1	2.40000000E-2
1.29400000E-1	2.00000000E-2
1.29600000E-1	2.40000000E-2
1.29800000E-1	2.40000000E-2
1.30000000E-1	2.40000000E-2
1.30200000E-1	2.40000000E-2
1.30400000E-1	2.40000000E-2
1.30600000E-1	2.00000000E-2
1.30800000E-1	2.00000000E-2
1.31000000E-1	2.00000000E-2
1.31200000E-1	2.40000000E-2
1.31400000E-1	2.00000000E-2
1.31600000E-1	2.40000000E-2
1.31800000E-1	2.00000000E-2
1.32000000E-1	2.00000000E-2
1.32200000E-1	2.00000000E-2
1.32400000E-1	2.40000000E-2
1.32600000E-1	2.00000000E-2
1.32800000E-1	2.40000000E-2
1.33000000E-1	2.40000000E-2
1.33200000E-1	2.00000000E-2
1.33400000E-1	2.40000000E-2
1.33600000E-1	2.40000000E-2
1.33800000E-1	2.00000000E-2
1.34000000E-1	2.40000000E-2
1.34200000E-1	2.00000000E-2
1.34400000E-1	2.00000000E-2
1.34600000E-1	2.40000000E-2
1.34800000E-1	2.40000000E-2
1.35000000E-1	2.40000000E-2
1.35200000E-1	2.40000000E-2
1.35400000E-1	2.00000000E-2
1.35600000E-1	2.40000000E-2
1.35800000E-1	2.00000000E-2
1.36000000E-1	2.40000000E-2
1.36200000E-1	2.00000000E-2
1.36400000E-1	1.60000000E-2
1.36600000E-1	2.00000000E-2
1.36800000E-1	2.40000000E-2
1.37000000E-1	2.40000000E-2
1.37200000E-1	2.40000000E-2
1.37400000E-1	2.00000000E-2
1.37600000E-1	2.00000000E-2
1.37800000E-1	2.40000000E-2
1.38000000E-1	2.00000000E-2
1.38200000E-1	2.40000000E-2
1.38400000E-1	2.00000000E-2
1.38600000E-1	2.00000000E-2
1.38800000E-1	1.60000000E-2
1.39000000E-1	2.00000000E-2
1.39200000E-1	2.00000000E-2
1.39400000E-1	2.00000000E-2
1.39600000E-1	2.00000000E-2
1.39800000E-1	2.40000000E-2
1.40000000E-1	2.00000000E-2
1.40200000E-1	2.40000000E-2
1.40400000E-1	2.00000000E-2
1.40600000E-1	2.40000000E-2
1.40800000E-1	2.00000000E-2
1.41000000E-1	2.40000000E-2
1.41200000E-1	2.40000000E-2
1.41400000E-1	2.00000000E-2
1.41600000E-1	2.40000000E-2
1.41800000E-1	2.00000000E-2
1.42000000E-1	2.40000000E-2
1.42200000E-1	2.00000000E-2
1.42400000E-1	2.00000000E-2
1.42600000E-1	2.00000000E-2
1.42800000E-1	2.00000000E-2
1.43000000E-1	2.00000000E-2
1.43200000E-1	2.00000000E-2
1.43400000E-1	2.00000000E-2
1.43600000E-1	2.00000000E-2
1.43800000E-1	2.00000000E-2
1.44000000E-1	2.00000000E-2
1.44200000E-1	2.00000000E-2
1.44400000E-1	2.40000000E-2
1.44600000E-1	2.00000000E-2
1.44800000E-1	2.40000000E-2
1.45000000E-1	2.00000000E-2
1.45200000E-1	2.00000000E-2
1.45400000E-1	2.40000000E-2
1.45600000E-1	2.00000000E-2
1.45800000E-1	2.40000000E-2
1.46000000E-1	2.40000000E-2
1.46200000E-1	2.00000000E-2
1.46400000E-1	2.00000000E-2
1.46600000E-1	2.00000000E-2
1.46800000E-1	2.40000000E-2
1.47000000E-1	2.00000000E-2
1.47200000E-1	2.40000000E-2
1.47400000E-1	2.40000000E-2
1.47600000E-1	2.00000000E-2
1.47800000E-1	2.00000000E-2
1.48000000E-1	2.40000000E-2
1.48200000E-1	2.00000000E-2
1.48400000E-1	2.40000000E-2
1.48600000E-1	2.40000000E-2
1.48800000E-1	2.40000000E-2
1.49000000E-1	1.60000000E-2
1.49200000E-1	2.40000000E-2
1.49400000E-1	2.00000000E-2
1.49600000E-1	2.00000000E-2
1.49800000E-1	2.40000000E-2
1.50000000E-1	1.48000000E-1
1.50200000E-1	3.20000000E-2
1.50400000E-1	1.60000000E-2
1.50600000E-1	1.20000000E-2
1.50800000E-1	1.60000000E-2
1.51000000E-1	1.60000000E-2
1.51200000E-1	2.00000000E-2
1.51400000E-1	2.40000000E-2
1.51600000E-1	1.60000000E-2
1.51800000E-1	2.00000000E-2
1.52000000E-1	2.00000000E-2
1.52200000E-1	2.00000000E-2
1.52400000E-1	2.40000000E-2
1.52600000E-1	2.00000000E-2
1.52800000E-1	2.00000000E-2
1.53000000E-1	2.00000000E-2
1.53200000E-1	2.00000000E-2
1.53400000E-1	2.00000000E-2
1.53600000E-1	2.00000000E-2
1.53800000E-1	2.00000000E-2
1.54000000E-1	2.40000000E-2
1.54200000E-1	2.00000000E-2
1.54400000E-1	2.40000000E-2
1.54600000E-1	2.40000000E-2
1.54800000E-1	1.60000000E-2
1.55000000E-1	2.00000000E-2
1.55200000E-1	2.40000000E-2
1.55400000E-1	2.00000000E-2
1.55600000E-1	2.40000000E-2
1.55800000E-1	2.00000000E-2
1.56000000E-1	2.40000000E-2
1.56200000E-1	2.40000000E-2
1.56400000E-1	2.00000000E-2
1.56600000E-1	2.40000000E-2
1.56800000E-1	2.00000000E-2
1.57000000E-1	2.00000000E-2
1.57200000E-1	2.00000000E-2
1.57400000E-1	2.00000000E-2
1.57600000E-1	2.40000000E-2
1.57800000E-1	2.00000000E-2
1.58000000E-1	2.00000000E-2
1.58200000E-1	2.40000000E-2
1.58400000E-1	1.60000000E-2
1.58600000E-1	2.00000000E-2
1.58800000E-1	2.40000000E-2
1.59000000E-1	2.40000000E-2
1.59200000E-1	2.00000000E-2
1.59400000E-1	2.40000000E-2
1.59600000E-1	1.60000000E-2
1.59800000E-1	2.00000000E-2
1.60000000E-1	2.00000000E-2
1.60200000E-1	2.40000000E-2
1.60400000E-1	2.40000000E-2
1.60600000E-1	2.40000000E-2
1.60800000E-1	2.40000000E-2
1.61000000E-1	2.00000000E-2
1.61200000E-1	2.40000000E-2
1.61400000E-1	2.40000000E-2
1.61600000E-1	2.40000000E-2
1.61800000E-1	2.40000000E-2
1.62000000E-1	2.00000000E-2
1.62200000E-1	2.00000000E-2
1.62400000E-1	2.40000000E-2
1.62600000E-1	2.00000000E-2
1.62800000E-1	2.00000000E-2
1.63000000E-1	2.00000000E-2
1.63200000E-1	2.40000000E-2
1.63400000E-1	2.00000000E-2
1.63600000E-1	2.00000000E-2
1.63800000E-1	2.40000000E-2
1.64000000E-1	2.40000000E-2
1.64200000E-1	2.40000000E-2
1.64400000E-1	2.40000000E-2
1.64600000E-1	2.40000000E-2
1.64800000E-1	2.00000000E-2
1.65000000E-1	2.40000000E-2
1.65200000E-1	1.60000000E-2
1.65400000E-1	2.40000000E-2
1.65600000E-1	2.40000000E-2
1.65800000E-1	2.40000000E-2
1.66000000E-1	2.00000000E-2
1.66200000E-1	2.00000000E-2
1.66400000E-1	2.00000000E-2
1.66600000E-1	2.40000000E-2
1.66800000E-1	2.00000000E-2
1.67000000E-1	2.40000000E-2
1.67200000E-1	2.00000000E-2
1.67400000E-1	2.00000000E-2
1.67600000E-1	2.40000000E-2
1.67800000E-1	2.40000000E-2
1.68000000E-1	2.00000000E-2
1.68200000E-1	2.40000000E-2
1.68400000E-1	2.40000000E-2
1.68600000E-1	2.00000000E-2
1.68800000E-1	2.40000000E-2
1.69000000E-1	2.00000000E-2
1.69200000E-1	2.00000000E-2
1.69400000E-1	2.00000000E-2
1.69600000E-1	2.00000000E-2
1.69800000E-1	2.00000000E-2
1.70000000E-1	2.40000000E-2
1.70200000E-1	2.00000000E-2
1.70400000E-1	2.00000000E-2
1.70600000E-1	2.40000000E-2
1.70800000E-1	2.40000000E-2
1.71000000E-1	2.00000000E-2
1.71200000E-1	2.00000000E-2
1.71400000E-1	2.40000000E-2
1.71600000E-1	2.00000000E-2
1.71800000E-1	2.00000000E-2
1.72000000E-1	2.00000000E-2
1.72200000E-1	2.00000000E-2
1.72400000E-1	2.00000000E-2
1.72600000E-1	2.00000000E-2
1.72800000E-1	2.00000000E-2
1.73000000E-1	2.00000000E-2
1.73200000E-1	2.40000000E-2
1.73400000E-1	2.00000000E-2
1.73600000E-1	2.00000000E-2
1.73800000E-1	2.40000000E-2
1.74000000E-1	2.40000000E-2
1.74200000E-1	2.00000000E-2
1.74400000E-1	2.40000000E-2
1.74600000E-1	2.00000000E-2
1.74800000E-1	2.00000000E-2
1.75000000E-1	2.00000000E-2
1.75200000E-1	2.00000000E-2
1.75400000E-1	2.40000000E-2
1.75600000E-1	2.40000000E-2
1.75800000E-1	2.00000000E-2
1.76000000E-1	2.00000000E-2
1.76200000E-1	2.40000000E-2
1.76400000E-1	1.60000000E-2
1.76600000E-1	2.00000000E-2
1.76800000E-1	2.00000000E-2
1.77000000E-1	2.40000000E-2
1.77200000E-1	2.40000000E-2
1.77400000E-1	1.60000000E-2
1.77600000E-1	2.40000000E-2
1.77800000E-1	2.00000000E-2
1.78000000E-1	2.00000000E-2
1.78200000E-1	2.00000000E-2
1.78400000E-1	2.40000000E-2
1.78600000E-1	2.00000000E-2
1.78800000E-1	2.40000000E-2
1.79000000E-1	2.40000000E-2
1.79200000E-1	2.40000000E-2
1.79400000E-1	2.40000000E-2
1.79600000E-1	2.40000000E-2
1.79800000E-1	2.00000000E-2
1.80000000E-1	2.00000000E-2
1.80200000E-1	2.40000000E-2
1.80400000E-1	2.00000000E-2
1.80600000E-1	2.40000000E-2
1.80800000E-1	2.00000000E-2
1.81000000E-1	2.40000000E-2
1.81200000E-1	2.40000000E-2
1.81400000E-1	2.00000000E-2
1.81600000E-1	2.00000000E-2
1.81800000E-1	2.40000000E-2
1.82000000E-1	2.00000000E-2
1.82200000E-1	2.00000000E-2
1.82400000E-1	2.40000000E-2
1.82600000E-1	2.40000000E-2
1.82800000E-1	2.40000000E-2
1.83000000E-1	2.00000000E-2
1.83200000E-1	2.40000000E-2
1.83400000E-1	2.40000000E-2
1.83600000E-1	2.40000000E-2
1.83800000E-1	2.40000000E-2
1.84000000E-1	2.40000000E-2
1.84200000E-1	2.40000000E-2
1.84400000E-1	2.00000000E-2
1.84600000E-1	2.40000000E-2
1.84800000E-1	2.00000000E-2
1.85000000E-1	2.00000000E-2
1.85200000E-1	2.40000000E-2
1.85400000E-1	2.40000000E-2
1.85600000E-1	2.00000000E-2
1.85800000E-1	2.40000000E-2
1.86000000E-1	2.00000000E-2
1.86200000E-1	2.40000000E-2
1.86400000E-1	2.00000000E-2
1.86600000E-1	2.40000000E-2
1.86800000E-1	2.40000000E-2
1.87000000E-1	2.40000000E-2
1.87200000E-1	2.40000000E-2
1.87400000E-1	2.00000000E-2
1.87600000E-1	2.00000000E-2
1.87800000E-1	2.00000000E-2
1.88000000E-1	2.00000000E-2
1.88200000E-1	2.00000000E-2
1.88400000E-1	2.00000000E-2
1.88600000E-1	2.00000000E-2
1.88800000E-1	2.00000000E-2
1.89000000E-1	2.40000000E-2
1.89200000E-1	2.40000000E-2
1.89400000E-1	2.00000000E-2
1.89600000E-1	2.40000000E-2
1.89800000E-1	2.00000000E-2
1.90000000E-1	1.60000000E-2
1.90200000E-1	2.00000000E-2
1.90400000E-1	2.00000000E-2
1.90600000E-1	1.60000000E-2
1.90800000E-1	2.40000000E-2
1.91000000E-1	2.00000000E-2
1.91200000E-1	2.40000000E-2
1.91400000E-1	2.00000000E-2
1.91600000E-1	2.40000000E-2
1.91800000E-1	2.00000000E-2
1.92000000E-1	2.00000000E-2
1.92200000E-1	2.00000000E-2
1.92400000E-1	2.00000000E-2
1.92600000E-1	2.00000000E-2
1.92800000E-1	2.00000000E-2
1.93000000E-1	2.00000000E-2
1.93200000E-1	2.00000000E-2
1.93400000E-1	2.40000000E-2
1.93600000E-1	2.40000000E-2
1.93800000E-1	2.40000000E-2
1.94000000E-1	2.00000000E-2
1.94200000E-1	2.40000000E-2
1.94400000E-1	2.40000000E-2
1.94600000E-1	2.40000000E-2
1.94800000E-1	2.00000000E-2
1.95000000E-1	2.40000000E-2
1.95200000E-1	2.40000000E-2
1.95400000E-1	2.00000000E-2
1.95600000E-1	2.00000000E-2
1.95800000E-1	2.40000000E-2
1.96000000E-1	2.00000000E-2
1.96200000E-1	2.40000000E-2
1.96400000E-1	2.40000000E-2
1.96600000E-1	2.00000000E-2
1.96800000E-1	2.40000000E-2
1.97000000E-1	2.00000000E-2
1.97200000E-1	1.60000000E-2
1.97400000E-1	2.00000000E-2
1.97600000E-1	2.00000000E-2
1.97800000E-1	2.00000000E-2
1.98000000E-1	2.00000000E-2
1.98200000E-1	2.00000000E-2
1.98400000E-1	2.40000000E-2
1.98600000E-1	2.40000000E-2
1.98800000E-1	2.40000000E-2
1.99000000E-1	1.60000000E-2
1.99200000E-1	2.40000000E-2
1.99400000E-1	2.00000000E-2
1.99600000E-1	2.00000000E-2
1.99800000E-1	2.00000000E-2
