$SPEC_ID:
No sample description was entered.
$SPEC_REM:
DET# 2
DETDESC# FP-COMPTON2 MCB 130
AP# Maestro Version 7.01
$DATE_MEA:
12/12/2024 11:43:25
$MEAS_TIM:
324 327
$DATA:
0 2047
       0
       0
       0
       0
       0
       0
       0
       0
       0
       0
       0
       0
      10
       9
       5
      21
      12
      14
      14
      13
      26
      50
     124
     184
     283
     364
     454
     558
     690
     870
     979
    1158
    1217
    1322
    1566
    1604
    1784
    1856
    2021
    2036
    2121
    2155
    2170
    2304
    2322
    2327
    2376
    2260
    2243
    2197
    2166
    2200
    2010
    1994
    1882
    1884
    1874
    1792
    1827
    1684
    1702
    1684
    1641
    1801
    1719
    1716
    1643
    1666
    1662
    1683
    1747
    1719
    1744
    1799
    1833
    1814
    1856
    1919
    2018
    2101
    2116
    2279
    2425
    2488
    2488
    2684
    2794
    2941
    3024
    3301
    3452
    3535
    3799
    3924
    4142
    4279
    4542
    4570
    4901
    5007
    5216
    5440
    5521
    5664
    5973
    6235
    6307
    6430
    6620
    6650
    6702
    6989
    7066
    7122
    7213
    7189
    7344
    7277
    7330
    7233
    7288
    7177
    6944
    6993
    6715
    6736
    6622
    6401
    6273
    6218
    5934
    5718
    5433
    5299
    4885
    4960
    4653
    4355
    4140
    4032
    3700
    3466
    3290
    3102
    2867
    2698
    2529
    2293
    2302
    2040
    1899
    1686
    1583
    1385
    1276
    1175
    1104
    1031
     976
     843
     729
     677
     597
     570
     535
     513
     461
     400
     349
     329
     313
     264
     270
     244
     224
     222
     190
     189
     180
     172
     181
     166
     147
     143
     117
     121
     131
     126
     115
     119
     133
     117
     132
     110
      98
     102
     113
     112
     103
     111
     107
     101
     105
      92
      88
      95
      83
      98
     108
      97
      86
      79
      87
      75
      92
      83
      77
      88
      89
      75
      81
      86
     102
      58
      75
      75
      76
      83
      80
      76
      67
      79
      70
      84
      60
      70
      78
      73
      62
      59
      53
      81
      70
      46
      65
      65
      62
      62
      66
      68
      71
      58
      74
      61
      75
      71
      63
      62
      76
      66
      52
      48
      61
      57
      53
      49
      61
      61
      61
      61
      47
      55
      53
      50
      39
      67
      61
      57
      61
      60
      59
      59
      54
      60
      56
      55
      64
      50
      55
      45
      53
      48
      62
      37
      49
      65
      53
      44
      54
      59
      65
      52
      57
      48
      41
      44
      58
      51
      48
      39
      38
      51
      44
      43
      36
      50
      51
      42
      54
      47
      44
      42
      48
      58
      36
      41
      38
      35
      40
      39
      38
      44
      39
      37
      52
      39
      42
      54
      28
      42
      61
      40
      42
      43
      49
      38
      31
      48
      38
      42
      44
      34
      48
      34
      39
      31
      47
      37
      49
      37
      32
      46
      45
      43
      48
      48
      40
      42
      24
      51
      46
      31
      46
      44
      45
      42
      42
      47
      51
      44
      43
      33
      39
      40
      37
      56
      40
      35
      30
      43
      49
      49
      39
      37
      56
      44
      41
      47
      43
      52
      40
      50
      43
      42
      42
      40
      48
      46
      48
      44
      61
      49
      48
      50
      60
      48
      58
      61
      53
      50
      60
      49
      46
      53
      60
      55
      46
      46
      51
      55
      46
      65
      42
      60
      62
      49
      55
      56
      76
      39
      48
      65
      54
      64
      60
      51
      59
      52
      55
      68
      70
      51
      61
      71
      67
      49
      66
      68
      57
      70
      67
      59
      71
      60
      56
      71
      76
      65
      67
      61
      61
      59
      62
      86
      56
      64
      59
      56
      65
      54
      75
      71
      70
      59
      67
      58
      77
      61
      89
      68
      61
      77
      75
      60
      73
      65
      67
      52
      83
      75
      74
      70
      55
      83
      49
      73
      73
      60
      68
      68
      69
      60
      50
      46
      51
      52
      58
      45
      51
      59
      57
      64
      57
      50
      50
      54
      45
      40
      55
      54
      46
      61
      39
      46
      46
      42
      46
      42
      43
      57
      48
      55
      34
      35
      37
      40
      36
      46
      34
      45
      30
      31
      26
      28
      33
      30
      31
      34
      32
      29
      24
      26
      23
      33
      23
      33
      27
      26
      22
      25
      22
      33
      17
      18
      19
      28
      32
      23
      20
      25
      23
      22
      26
      23
      23
      16
      18
      21
      15
      15
      14
      19
      18
      18
      20
      16
      13
      14
      15
      18
      17
      10
      11
      15
      20
      19
      13
      16
      21
      18
      17
      11
      12
      13
      18
      12
      15
      12
      11
       6
      20
      13
      15
      13
      18
       7
      10
      10
      14
      12
      14
      16
      10
      11
      13
      13
      11
       9
       5
       9
      14
      13
       6
      17
       7
      10
      15
      16
       8
      10
      10
      12
      13
      12
       4
       6
      13
      14
       6
       7
       8
       7
       9
       8
      11
      10
       8
       5
       8
       9
       7
      10
       9
       8
       7
       9
       8
       9
      11
      10
       6
       9
       8
      10
       7
      14
      15
       4
      11
       5
       9
      10
       5
       9
       9
      10
       6
       5
       8
       5
       5
       5
      10
       7
       7
       8
      10
      10
       9
      11
       5
       7
       8
       7
       6
       9
      13
       8
       8
      10
       4
       8
       7
       4
      10
       5
       5
       8
       5
       9
       6
       3
       7
       2
       8
       5
       6
       6
       6
       7
      10
       6
       8
       1
       5
      14
      12
       8
      11
       2
      11
       9
       5
       9
      11
       5
       9
      12
       7
       2
       8
       9
      10
      13
       4
       7
       5
       6
      10
       1
       6
       6
       6
      10
       9
       7
       8
      10
       6
       6
       5
      10
      12
       5
       9
      11
       7
       6
       4
       3
      10
      13
      11
       5
       5
       3
       8
       9
       3
       3
       6
       6
       6
       1
       7
       6
       4
       7
       6
      10
      13
      11
       8
       2
      12
       4
       7
      11
       4
       9
       4
       7
       6
       5
       4
       7
       6
       6
       4
       7
       9
       8
      10
       3
       1
       8
       5
       1
       3
       1
       5
       6
       4
       4
       1
       3
      10
       5
       3
       5
       8
       5
       6
       7
       4
       7
       5
       3
       7
       2
       3
       7
       4
       4
       4
       1
       3
       5
       9
       2
       9
       4
       5
       5
       3
       6
      10
       4
       3
       1
       4
       3
       6
       2
       3
       4
       5
       9
       6
       4
       5
       2
       4
       3
       4
       6
       4
       6
       2
       5
       7
       0
       6
       3
       2
       7
       2
       6
       2
       2
       5
       2
       5
       5
      13
       4
       5
       4
       3
       7
       4
       5
       1
       3
       2
       6
       7
       2
       3
       5
       6
       3
       5
       6
       6
       6
       3
       3
       3
       6
       5
       8
       4
      10
       4
       6
       3
       5
       4
       1
       2
       4
       6
       3
       2
       4
       5
       3
       6
       4
       3
       2
       7
       6
       6
       3
       3
       2
       2
       2
       3
       2
       3
       5
       2
       3
       5
       5
       3
       1
       3
       1
       1
       3
       4
       5
       3
       2
       6
       7
       4
       4
       5
       1
       4
       6
       2
       5
       4
       1
       2
       1
       2
       2
       1
       4
       4
       3
       5
       4
       4
       3
       3
       5
       1
       5
       5
       2
       1
       2
       3
       4
       2
       1
       7
       3
       5
       7
       1
       2
       5
       5
       7
       5
       5
       2
       5
       3
       7
       6
       2
       4
       4
       6
       4
       4
       6
       2
       2
       6
       4
       8
       3
       5
       4
       7
       2
       4
       2
       0
       6
       0
       3
       2
       5
       0
       3
       4
       2
       2
       6
       6
       4
       4
       0
       4
       4
       3
       2
       2
       2
       4
       4
       5
       5
       5
       3
       1
       2
       4
       4
       6
       5
       3
       3
       3
       7
       4
       3
       5
       4
       5
       4
       2
       2
       7
       3
       2
       4
       2
       1
       4
       4
       2
       2
       3
       2
       2
       5
       3
       1
       6
       5
       5
       3
       2
       3
       3
       3
       2
       6
       4
       4
       2
       3
       3
       0
       2
       3
       3
       2
       4
       1
       3
       5
       3
       5
       3
       2
       2
       8
       3
       5
       0
       4
       3
       4
       2
       4
       1
       1
       2
       1
       4
       6
       6
       4
       8
       1
       2
       6
       4
       5
       4
       4
       1
       2
       5
       4
       4
       2
       3
       2
       5
       3
       4
       3
       2
       2
       3
       1
       3
       4
       4
       2
       3
       7
       3
       3
       7
       2
       1
       2
       6
       3
       2
       1
       3
       2
       3
       4
       2
       4
       5
       5
       1
       1
       4
       3
       2
       1
       6
       4
       4
       2
       1
       6
       6
       1
       4
       4
       6
       3
       3
       1
       1
       0
       2
       7
       4
       1
       3
       1
       4
       3
       2
       2
       5
       1
       1
       2
       3
       2
       1
       3
       0
       3
       5
       1
       1
       4
       4
       0
       2
       1
       3
       5
       2
       2
       1
       4
       1
       0
       2
       4
       4
       4
       7
       1
       4
       0
       0
       5
       3
       4
       1
       2
       5
       4
       1
       1
       2
       2
       1
       2
       5
       7
       2
       0
       2
       2
       4
       1
       0
       2
       3
       7
       3
       1
       2
       2
       3
       3
       3
       2
       1
       2
       3
       1
       4
       2
       2
       1
       2
       4
       2
       0
       2
       6
       3
       1
       1
       1
       5
       4
       3
       8
       0
       1
       4
       6
       3
       3
       3
       2
       4
       7
       6
       3
       3
       3
       4
       2
       3
       6
       1
       1
       2
       2
       2
       3
       4
       2
       1
       2
       2
       0
       2
       2
       3
       1
       1
       4
       3
       2
       4
       4
       3
       1
       1
       2
       1
       3
       1
       4
       1
       1
       0
       5
       1
       2
       0
       5
       3
       6
       3
       3
       2
       0
       0
       1
       0
       3
       2
       2
       0
       1
       1
       4
       5
       4
       1
       2
       0
       0
       2
       1
       2
       2
       3
       3
       1
       4
       1
       2
       0
       3
       2
       1
       1
       0
       3
       3
       3
       3
       1
       4
       1
       2
       2
       4
       2
       0
       1
       2
       1
       3
       4
       2
       1
       2
       0
       1
       1
       1
       1
       0
       0
       3
       3
       2
       5
       5
       6
       0
       0
       3
       1
       1
       1
       2
       0
       2
       0
       2
       2
       1
       2
       2
       3
       2
       1
       1
       2
       1
       1
       3
       3
       2
       4
       0
       1
       2
       3
       3
       1
       2
       1
       3
       1
       3
       2
       1
       3
       3
       2
       2
       4
       3
       2
       1
       1
       4
       4
       2
       0
       0
       1
       1
       2
       1
       2
       0
       1
       1
       1
       3
       0
       1
       0
       0
       4
       0
       3
       1
       2
       3
       2
       3
       1
       2
       4
       2
       0
       0
       1
       0
       2
       2
       1
       1
       2
       2
       1
       1
       1
       2
       3
       2
       2
       1
       4
       0
       3
       3
       2
       0
       1
       1
       4
       3
       1
       3
       2
       0
       1
       2
       1
       2
       2
       0
       1
       2
       1
       3
       1
       2
       1
       2
       1
       1
       2
       1
       3
       2
       4
       3
       3
       1
       2
       3
       2
       2
       1
       1
       1
       2
       2
       2
       4
       2
       1
       0
       0
       2
       2
       0
       0
       2
       0
       1
       2
       1
       1
       2
       3
       3
       1
       1
       1
       1
       0
       5
       1
       2
       1
       3
       1
       3
       1
       1
       3
       1
       4
       4
       3
       4
       1
       1
       2
       4
       1
       2
       0
       0
       4
       0
       1
       4
       3
       1
       2
       1
       2
       0
       0
       1
       1
       3
       5
       1
       0
       1
       3
       0
       4
       2
       2
       3
       2
       2
       1
       1
       4
       2
       3
       2
       2
       3
       5
       1
       4
       1
       2
       3
       1
       0
       2
       1
       4
       2
       4
       0
       1
       3
       2
       4
       0
       3
       1
       4
       2
       2
       2
       2
       3
       4
       4
       3
       1
       1
       1
       2
       5
       2
       2
       1
       1
       6
       2
       3
       2
       3
       3
       2
       4
       4
       1
       1
       0
       2
       4
       3
       4
       3
       5
       2
       3
       1
       0
       0
       1
       1
       5
       1
       3
       1
       2
       6
       1
       2
       0
       1
       2
       0
       1
       4
       3
       3
       2
       2
       2
       2
       4
       1
       2
       4
       2
       5
       2
       2
       2
       0
       2
       0
       2
       1
       2
       0
       3
       1
       1
       1
       4
       0
       2
       1
       2
       1
       4
       1
       2
       1
       3
       4
       2
       1
       1
       1
       1
       0
       1
       2
       1
       1
       1
       3
       3
       1
       1
       1
       4
       1
       0
       2
       2
       1
       3
       0
       5
       0
       1
       2
       4
       2
       1
       2
       2
       0
       0
       1
       0
       0
       4
       1
       0
       0
       1
       0
       1
       1
       2
       2
       1
       1
       1
       0
       1
       1
       0
       1
       1
       1
       0
       0
       0
       2
       2
       1
       0
       1
       0
       0
       2
       2
       1
       0
       0
       0
       0
       0
       0
       0
       0
       0
       0
       0
       0
       0
       0
       0
       0
       0
       0
       0
       0
       0
       0
       0
       0
       0
       0
       0
       0
       0
       0
       0
       0
       0
       0
       0
       0
       0
       0
       0
       0
       0
       0
       0
       0
       0
       0
       0
       0
       0
       0
       0
       0
       0
       0
       0
       0
       0
       0
       0
       0
       0
       0
       0
       0
       0
       0
       0
       0
       0
       0
       0
       0
       0
       0
       0
       0
       0
       1
       0
       0
       0
       0
       0
       0
       0
       0
       0
       0
       0
       0
       0
       0
       0
       0
       0
       0
       0
       0
       0
       0
       0
       0
       0
       0
       0
       0
       0
       0
       0
       0
       0
       0
       0
       0
       0
       0
       0
       0
       0
       0
       0
       0
       0
       0
       0
       0
       0
       0
       0
       0
       0
       0
       0
       0
       0
       0
       0
       0
       0
       0
       0
       0
       0
       0
       0
       0
       0
       0
       0
       0
       0
       0
       0
       0
       0
       0
       0
       0
       0
       0
       0
       0
       0
       0
       0
       0
       0
       0
       0
       0
       0
       0
$ROI:
0
$PRESETS:
None
0
0
$ENER_FIT:
0.000000 0.000000
$MCA_CAL:
3
0.000000E+000 0.000000E+000 0.000000E+000 
$SHAPE_CAL:
3
0.000000E+000 0.000000E+000 0.000000E+000
