$SPEC_ID:
No sample description was entered.
$SPEC_REM:
DET# 1
DETDESC# FP-COMPTON2 MCB 129
AP# Maestro Version 7.01
$DATE_MEA:
12/12/2024 11:43:29
$MEAS_TIM:
331 346
$DATA:
0 2047
       0
       0
       0
       0
       0
       0
       0
       0
       0
       0
       0
   19595
    3097
    3374
    3450
    3761
    4135
    4484
    5114
    5335
    5790
    6127
    6766
    8290
    7474
    7600
    7759
    7994
    8129
    8379
    8522
    8618
    8699
    8682
    8669
    8721
    9121
    9066
    9060
    9242
    9135
    9149
    9201
    9319
    9394
    9550
    9617
    9534
    9613
    9789
   10058
    9904
    9959
    9913
    9931
    9999
   10015
   10348
   10023
   10220
   10128
   10198
   10122
   10064
   10003
   10127
   10362
   10234
   10311
   10450
   10484
   10535
   10934
   11164
   11165
   11488
   11895
   12256
   12553
   12825
   13570
   13636
   14355
   14676
   15369
   16078
   16606
   17214
   18329
   18580
   19505
   20109
   20915
   21533
   22485
   23741
   24572
   25106
   26313
   27172
   28241
   28992
   29681
   30891
   31661
   32554
   33188
   34625
   34724
   35534
   36270
   36915
   37597
   37868
   37986
   38347
   38928
   39184
   38670
   39491
   39027
   38830
   38667
   38123
   37987
   37677
   36925
   36537
   35616
   34669
   34143
   33493
   32183
   31122
   30275
   29511
   28403
   27182
   26156
   25254
   24170
   22872
   21847
   20803
   19883
   18728
   17794
   16897
   16044
   15059
   14108
   13395
   12328
   11882
   10808
   10258
    9710
    9013
    8296
    7705
    7210
    6782
    6495
    5874
    5622
    5223
    4779
    4472
    4290
    4059
    3697
    3462
    3263
    3113
    2871
    2706
    2606
    2544
    2334
    2259
    2264
    2094
    2012
    1956
    1781
    1756
    1635
    1724
    1562
    1563
    1506
    1493
    1373
    1351
    1333
    1297
    1309
    1222
    1261
    1280
    1150
    1116
    1139
    1115
    1054
     979
     980
     965
     957
     963
     872
     913
     826
     848
     866
     827
     757
     714
     724
     668
     693
     662
     620
     592
     578
     585
     550
     536
     453
     466
     440
     432
     428
     412
     386
     354
     382
     343
     307
     335
     308
     282
     276
     240
     254
     226
     212
     201
     196
     174
     188
     186
     161
     154
     133
     154
     146
     150
     106
     111
      98
      95
      95
     101
      98
     100
      87
      66
      74
      81
      71
      60
      67
      75
      61
      62
      46
      59
      59
      46
      45
      36
      56
      47
      45
      36
      42
      31
      26
      30
      38
      29
      29
      37
      30
      25
      34
      35
      38
      35
      24
      25
      30
      27
      29
      24
      25
      13
      21
      26
      23
      20
      17
      19
      20
      23
      22
      21
      27
      21
      16
      20
      24
      23
      20
      16
      24
      20
      22
      26
      25
      16
      19
      23
      29
      19
      19
      15
      22
      21
      22
      13
      27
       8
      12
      16
      21
      20
      14
      16
      10
      19
      19
      20
      15
      16
      21
      24
      16
      18
      22
       9
      22
      15
      14
      14
      13
      12
      18
      19
      13
      13
      13
       7
      12
      14
      15
      22
      17
      14
      11
       6
      10
      15
      14
      13
       7
      13
      20
      10
      10
      13
      14
      11
      16
       5
      12
      17
      12
      15
      12
      14
       9
       9
      10
       8
      22
       8
      17
      12
      10
      15
      14
       8
      12
      13
      13
       7
      16
       7
       7
      12
       7
       9
      15
       9
      12
      15
      14
       9
      13
      14
      13
      12
      12
       8
       9
       8
       9
      14
      14
      15
       8
      14
      15
      12
       6
       6
       8
       9
      16
      11
      11
      10
       7
       9
      10
      15
      13
      14
      10
       8
       5
      11
       5
       8
       7
      16
       7
       6
      13
      12
      14
       6
      15
      10
       4
      12
       8
       7
       9
       6
      10
       6
       6
       3
      11
       7
      10
       9
      10
       9
      11
       8
      11
       7
       9
      10
       7
       8
       9
       3
       9
       7
      10
       8
       9
       3
      11
       7
       5
       7
      12
       7
       9
       9
       7
       7
       8
       7
       1
       6
       9
       9
       6
       4
       7
       7
       8
       7
       6
       2
       8
       7
       6
      12
       7
       2
       4
       7
       7
       5
       7
       6
       8
      10
       5
       8
       4
       6
       6
       5
       4
      11
       8
       5
       4
       3
       6
       6
      11
       4
       7
       6
       2
       9
       6
       5
       7
       2
       8
       7
       4
       4
       6
       3
       4
       8
       6
       5
       1
       5
       6
       9
       6
       2
       2
       3
       2
       4
       3
       3
       3
       4
       4
       6
       4
       3
       4
       1
       4
       5
       6
       1
       6
       6
       4
       6
       3
       7
       3
       3
       2
       2
       5
       5
       4
       5
       5
       7
       4
       4
       4
       7
       5
       1
       5
       4
       5
       1
       6
       2
       3
       7
       8
       1
       1
       5
       3
       3
       5
       2
       9
       2
       8
       5
       3
       3
       7
       6
       4
       2
       6
       3
       4
       4
       4
       4
       2
       3
       0
       4
       1
       4
       3
       4
       5
       5
       2
       2
       3
       1
       4
       3
       7
       4
       1
       7
       3
       3
       5
       4
       5
       4
       5
       2
       4
       1
       4
       2
       1
       1
       4
       9
       5
       1
       3
       0
       5
       3
       1
       2
       3
       1
       2
       5
       2
       4
       5
       3
       2
       2
       2
       0
       3
       2
       3
       3
       3
       2
       4
       3
       4
       2
       3
       4
       0
       2
       4
       1
       7
       6
       4
       3
       4
       6
       0
       4
       4
       7
       3
       2
       4
       0
       2
       3
       2
       1
       2
       1
       3
       1
       2
       4
       7
       3
       4
       6
       2
       1
       0
       3
       1
       3
       5
       3
       2
       1
       5
       2
       4
       3
       2
       4
       3
       2
       2
       1
       1
       2
       4
       4
       1
       5
       3
       3
       3
       4
       3
       4
       2
       1
       1
       1
       1
       1
       1
       2
       1
       0
       2
       3
       3
       1
       2
       1
       0
       2
       2
       0
       1
       3
       4
       1
       2
       5
       1
       1
       1
       1
       6
       0
       5
       5
       4
       1
       1
       2
       4
       2
       3
       2
       4
       0
       1
       0
       1
       2
       2
       3
       1
       2
       2
       1
       3
       0
       0
       1
       3
       1
       3
       1
       3
       3
       3
       1
       1
       2
       1
       3
       1
       3
       0
       3
       0
       1
       2
       0
       4
       5
       1
       0
       2
       2
       0
       3
       2
       1
       2
       4
       1
       0
       2
       2
       2
       2
       1
       1
       1
       0
       1
       1
       1
       0
       2
       3
       0
       0
       3
       2
       1
       1
       4
       4
       2
       2
       3
       3
       4
       4
       2
       4
       1
       0
       2
       3
       0
       1
       2
       0
       0
       2
       3
       1
       3
       2
       2
       1
       2
       0
       0
       3
       2
       1
       1
       2
       3
       1
       0
       0
       1
       0
       1
       1
       1
       0
       3
       1
       2
       0
       2
       2
       4
       3
       1
       0
       3
       1
       1
       1
       1
       0
       0
       0
       0
       2
       1
       2
       0
       2
       0
       3
       0
       2
       0
       0
       2
       0
       1
       1
       2
       0
       5
       0
       1
       0
       1
       0
       1
       1
       1
       1
       0
       1
       1
       0
       2
       1
       0
       0
       1
       1
       1
       1
       2
       2
       2
       3
       0
       1
       3
       2
       2
       2
       1
       1
       2
       1
       2
       0
       0
       0
       2
       1
       1
       2
       0
       0
       1
       1
       1
       2
       2
       0
       2
       2
       0
       0
       3
       0
       0
       0
       0
       3
       0
       0
       0
       0
       1
       1
       2
       3
       1
       4
       1
       0
       2
       0
       1
       1
       3
       0
       1
       1
       0
       2
       1
       1
       1
       0
       0
       0
       1
       2
       4
       1
       0
       2
       0
       3
       2
       2
       0
       1
       2
       0
       1
       0
       2
       0
       3
       1
       1
       0
       2
       3
       2
       2
       2
       2
       0
       1
       2
       2
       1
       1
       0
       0
       0
       1
       2
       4
       0
       3
       0
       0
       1
       0
       3
       2
       1
       1
       1
       0
       0
       3
       2
       1
       0
       1
       1
       1
       0
       0
       2
       1
       0
       1
       0
       0
       1
       0
       1
       0
       0
       1
       1
       0
       0
       0
       0
       3
       0
       1
       1
       2
       1
       0
       0
       4
       0
       3
       0
       0
       1
       3
       0
       0
       1
       1
       0
       2
       0
       0
       1
       0
       0
       3
       0
       1
       0
       4
       1
       0
       0
       1
       2
       1
       1
       1
       1
       0
       0
       0
       0
       1
       0
       3
       0
       1
       0
       1
       1
       4
       2
       0
       1
       0
       0
       2
       1
       1
       0
       1
       1
       1
       0
       1
       0
       0
       1
       3
       2
       0
       0
       1
       2
       1
       1
       2
       0
       0
       2
       2
       1
       0
       0
       0
       0
       2
       1
       0
       3
       1
       0
       0
       2
       0
       2
       1
       1
       2
       1
       1
       2
       1
       1
       1
       0
       0
       1
       1
       0
       1
       0
       0
       0
       1
       2
       0
       0
       0
       0
       1
       0
       0
       1
       1
       0
       1
       1
       1
       0
       3
       3
       2
       0
       1
       1
       0
       0
       0
       1
       0
       2
       1
       1
       0
       0
       1
       1
       1
       0
       1
       1
       1
       1
       1
       0
       2
       0
       3
       0
       0
       2
       0
       0
       2
       2
       1
       3
       0
       1
       0
       0
       0
       0
       1
       0
       0
       0
       0
       2
       2
       0
       0
       0
       0
       0
       2
       0
       2
       0
       1
       1
       1
       0
       0
       0
       1
       0
       0
       0
       0
       1
       1
       1
       0
       1
       0
       0
       1
       0
       3
       3
       2
       0
       2
       0
       0
       1
       0
       0
       0
       1
       2
       1
       0
       0
       0
       2
       0
       2
       0
       0
       2
       0
       2
       0
       1
       3
       1
       0
       0
       0
       1
       1
       2
       2
       1
       1
       1
       0
       0
       3
       3
       0
       2
       0
       0
       1
       1
       1
       2
       0
       2
       0
       0
       0
       1
       1
       1
       1
       0
       2
       0
       0
       2
       0
       1
       0
       1
       0
       1
       2
       1
       0
       1
       0
       0
       0
       0
       1
       0
       0
       2
       0
       3
       0
       0
       1
       0
       1
       1
       0
       0
       0
       0
       1
       0
       0
       1
       0
       0
       1
       1
       1
       0
       0
       0
       1
       0
       0
       0
       0
       0
       0
       2
       0
       0
       2
       2
       0
       0
       1
       2
       1
       0
       0
       1
       1
       1
       0
       0
       0
       0
       1
       0
       1
       0
       0
       0
       1
       1
       0
       1
       1
       1
       1
       0
       0
       1
       1
       0
       0
       1
       0
       0
       0
       0
       1
       0
       1
       0
       0
       0
       0
       2
       0
       0
       0
       0
       0
       0
       0
       1
       0
       1
       0
       0
       0
       0
       1
       0
       0
       1
       1
       2
       0
       0
       0
       0
       1
       0
       0
       0
       0
       1
       1
       0
       1
       1
       0
       0
       0
       1
       1
       1
       3
       0
       0
       0
       0
       0
       0
       1
       0
       0
       0
       0
       1
       0
       0
       0
       2
       0
       0
       0
       1
       0
       1
       0
       0
       0
       1
       1
       0
       0
       1
       0
       0
       1
       1
       0
       1
       0
       0
       0
       1
       0
       2
       0
       1
       1
       1
       0
       1
       0
       0
       1
       1
       2
       0
       0
       1
       1
       0
       1
       0
       0
       0
       0
       0
       1
       1
       1
       1
       0
       0
       1
       0
       1
       0
       2
       0
       0
       2
       0
       1
       0
       0
       0
       1
       1
       0
       0
       0
       0
       1
       0
       0
       0
       0
       0
       0
       0
       0
       0
       0
       1
       0
       1
       1
       0
       0
       1
       1
       0
       2
       0
       0
       1
       2
       0
       0
       1
       0
       0
       1
       0
       0
       0
       0
       0
       0
       0
       1
       2
       1
       0
       0
       0
       0
       0
       1
       0
       0
       1
       0
       0
       0
       0
       0
       2
       0
       0
       0
       0
       0
       0
       1
       0
       0
       0
       0
       0
       0
       1
       0
       0
       1
       1
       1
       1
       0
       2
       0
       0
       1
       0
       0
       0
       0
       1
       0
       1
       0
       0
       0
       0
       0
       0
       1
       1
       1
       0
       0
       0
       0
       2
       1
       1
       0
       0
       2
       1
       4
       0
       0
       0
       0
       0
       0
       0
       0
       0
       0
       0
       1
       0
       1
       0
       0
       1
       1
       0
       0
       0
       1
       0
       0
       1
       1
       0
       0
       0
       0
       2
       0
       1
       1
       1
       1
       2
       0
       0
       1
       0
       0
       0
       0
       0
       0
       1
       0
       0
       0
       1
       0
       0
       0
       1
       0
       0
       0
       1
       0
       2
       1
       0
       1
       0
       1
       1
       0
       0
       1
       0
       0
       0
       0
       0
       0
       0
       1
       0
       0
       0
       1
       0
       1
       0
       0
       0
       0
       0
       1
       0
       1
       1
       2
       0
       0
       0
       0
       0
       0
       0
       0
       0
       1
       1
       1
       1
       0
       1
       0
       0
       0
       0
       0
       1
       1
       0
       0
       0
       0
       0
       0
       0
       0
       0
       0
       0
       2
       1
       0
       2
       0
       0
       1
       0
       0
       0
       0
       0
       0
       0
       0
       0
       1
       0
       0
       0
       0
       0
       0
       0
       0
       0
       0
       1
       0
       1
       1
       0
       0
       1
       0
       0
       0
       0
       0
       0
       0
       0
       0
       0
       0
       0
       0
       1
       0
       0
       0
       0
       1
       0
       0
       1
       0
       1
       0
       0
       0
       1
       0
       0
       0
       0
       1
       0
       1
       0
       1
       0
       0
       1
       0
       0
       0
       0
       1
       0
       0
       0
       0
       0
       0
       0
       0
       1
       0
       0
       0
       0
       0
       0
       0
       0
       1
       0
       0
       1
       1
       0
       0
       0
       0
       0
       0
       0
       0
       0
       0
       0
       0
       0
       0
       0
       2
       0
       2
       1
       2
       0
       0
       0
       0
       0
       0
       0
       0
       0
       0
       0
       0
       0
       0
       0
       0
       0
       0
       0
       0
       0
       0
       0
       0
       0
       0
       0
       0
       0
       0
       0
       0
       0
$ROI:
0
$PRESETS:
None
0
0
$ENER_FIT:
0.000000 0.000000
$MCA_CAL:
3
0.000000E+000 0.000000E+000 0.000000E+000 
$SHAPE_CAL:
3
0.000000E+000 0.000000E+000 0.000000E+000
