$SPEC_ID:
No sample description was entered.
$SPEC_REM:
DET# 1
DETDESC# FP-COMPTON2 MCB 129
AP# Maestro Version 7.01
$DATE_MEA:
12/12/2024 11:43:29
$MEAS_TIM:
331 346
$DATA:
0 2047
       0
       0
       0
       0
       0
       0
       0
       0
       0
       0
       0
       19595
       3096
       3340
       3439
       3760
       4135
       4484
       5114
       5334
       5790
       6127
       6765
       8289
       7474
       7598
       7759
       7994
       8128
       8378
       8521
       8617
       8698
       8681
       8668
       8721
       9120
       9066
       9060
       9240
       9135
       9149
       9201
       9319
       9392
       9550
       9617
       9532
       9613
       9789
       10058
       9903
       9959
       9913
       9929
       9998
       10015
       10346
       10023
       10219
       10128
       10198
       10122
       10064
       10003
       10127
       10362
       10233
       10310
       10450
       10484
       10535
       10934
       11162
       11165
       11487
       11895
       12256
       12551
       12825
       13570
       13636
       14354
       14674
       15368
       16077
       16605
       17214
       18328
       18579
       19504
       20107
       20915
       21533
       22485
       23741
       24572
       25106
       26313
       27171
       28241
       28991
       29681
       30890
       31660
       32553
       33188
       34625
       34724
       35533
       36269
       36915
       37597
       37867
       37986
       38346
       38928
       39184
       38669
       39491
       39027
       38827
       38665
       38123
       37987
       37677
       36925
       36535
       35616
       34669
       34142
       33492
       32181
       31121
       30273
       29511
       28403
       27182
       26156
       25253
       24170
       22869
       21846
       20803
       19882
       18727
       17794
       16895
       16044
       15059
       14106
       13395
       12327
       11881
       10808
       10256
       9710
       9011
       8296
       7705
       7210
       6780
       6495
       5873
       5621
       5222
       4778
       4470
       4289
       4058
       3696
       3460
       3261
       3113
       2870
       2705
       2606
       2543
       2334
       2259
       2262
       2093
       2011
       1954
       1781
       1756
       1634
       1723
       1561
       1561
       1504
       1491
       1371
       1351
       1332
       1296
       1309
       1221
       1261
       1278
       1147
       1112
       1138
       1115
       1053
       977
       979
       965
       956
       961
       872
       913
       826
       847
       866
       827
       756
       712
       723
       665
       693
       659
       619
       591
       576
       583
       549
       536
       451
       466
       439
       431
       425
       412
       386
       353
       381
       343
       307
       334
       307
       279
       274
       239
       254
       226
       212
       199
       196
       174
       187
       185
       161
       153
       133
       154
       145
       150
       105
       111
       98
       95
       95
       100
       94
       100
       85
       64
       74
       79
       71
       59
       67
       75
       59
       62
       45
       58
       56
       44
       45
       35
       54
       47
       43
       36
       42
       30
       24
       29
       38
       29
       28
       37
       27
       25
       34
       35
       36
       34
       24
       24
       30
       27
       29
       22
       25
       13
       21
       25
       22
       20
       16
       19
       20
       23
       21
       20
       26
       19
       16
       18
       24
       23
       20
       15
       23
       19
       21
       25
       25
       16
       19
       22
       28
       16
       18
       15
       22
       21
       20
       13
       27
       6
       12
       14
       20
       20
       14
       16
       10
       17
       19
       20
       15
       16
       21
       23
       15
       15
       21
       9
       22
       15
       14
       14
       11
       12
       18
       19
       12
       13
       11
       6
       11
       13
       14
       22
       17
       13
       11
       6
       9
       15
       14
       11
       7
       13
       20
       10
       10
       11
       14
       10
       16
       2
       12
       17
       10
       14
       11
       13
       9
       7
       10
       7
       21
       7
       17
       12
       10
       15
       14
       8
       12
       13
       12
       7
       16
       7
       6
       12
       6
       8
       15
       9
       12
       15
       14
       9
       13
       14
       11
       11
       12
       8
       9
       8
       8
       13
       14
       15
       8
       13
       15
       11
       6
       6
       8
       9
       12
       11
       9
       10
       7
       9
       9
       14
       10
       14
       9
       6
       5
       11
       4
       7
       6
       14
       6
       6
       13
       12
       13
       6
       15
       10
       4
       12
       8
       6
       9
       6
       9
       6
       6
       3
       11
       7
       9
       9
       10
       8
       11
       8
       11
       7
       9
       8
       7
       8
       7
       1
       9
       7
       10
       8
       9
       3
       9
       6
       5
       5
       12
       7
       9
       9
       7
       7
       7
       7
       0
       6
       9
       9
       6
       4
       6
       7
       7
       7
       6
       2
       8
       6
       5
       11
       7
       2
       4
       7
       5
       5
       5
       5
       8
       10
       5
       8
       4
       6
       5
       5
       3
       11
       7
       4
       4
       2
       6
       5
       11
       3
       7
       6
       2
       9
       6
       5
       7
       2
       8
       6
       4
       4
       6
       3
       4
       8
       6
       4
       1
       5
       6
       9
       5
       2
       2
       2
       0
       3
       3
       3
       3
       4
       4
       6
       4
       3
       4
       1
       3
       5
       6
       1
       6
       5
       4
       6
       3
       7
       2
       2
       2
       2
       4
       5
       4
       5
       5
       7
       4
       3
       4
       7
       5
       0
       5
       3
       5
       1
       6
       2
       1
       7
       8
       1
       1
       5
       3
       3
       4
       1
       9
       1
       8
       4
       2
       2
       7
       6
       4
       2
       5
       3
       4
       4
       4
       4
       2
       2
       0
       4
       1
       4
       2
       4
       4
       5
       1
       2
       2
       0
       4
       3
       6
       4
       1
       7
       3
       3
       5
       4
       5
       3
       5
       2
       4
       1
       4
       0
       1
       1
       4
       8
       5
       1
       2
       0
       5
       3
       1
       2
       3
       1
       2
       4
       2
       4
       5
       3
       2
       2
       1
       0
       3
       1
       1
       3
       3
       2
       4
       3
       4
       2
       3
       4
       0
       2
       4
       1
       7
       5
       4
       3
       3
       6
       0
       4
       4
       7
       3
       2
       3
       0
       0
       3
       2
       1
       2
       1
       2
       1
       2
       4
       6
       3
       4
       6
       2
       1
       0
       3
       1
       3
       5
       2
       2
       1
       5
       2
       4
       3
       2
       4
       3
       2
       2
       1
       1
       1
       4
       4
       1
       5
       3
       3
       3
       4
       3
       4
       2
       1
       1
       1
       0
       1
       1
       2
       1
       0
       2
       3
       3
       0
       2
       1
       0
       2
       2
       0
       1
       3
       3
       1
       2
       5
       1
       1
       1
       1
       6
       0
       5
       5
       4
       1
       1
       2
       4
       2
       3
       1
       4
       0
       1
       0
       1
       1
       2
       3
       1
       2
       2
       1
       3
       0
       0
       1
       3
       1
       3
       1
       3
       2
       3
       0
       1
       2
       1
       3
       0
       2
       0
       3
       0
       1
       2
       0
       4
       5
       1
       0
       2
       2
       0
       3
       2
       1
       2
       4
       1
       0
       2
       2
       2
       2
       1
       1
       1
       0
       1
       1
       1
       0
       2
       3
       0
       0
       3
       2
       1
       1
       4
       4
       2
       2
       2
       3
       4
       4
       2
       4
       1
       0
       2
       3
       0
       0
       2
       0
       0
       2
       3
       1
       3
       2
       2
       1
       2
       0
       0
       3
       2
       1
       0
       2
       3
       1
       0
       0
       1
       0
       1
       1
       1
       0
       3
       1
       2
       0
       2
       2
       4
       3
       0
       0
       3
       0
       1
       1
       1
       0
       0
       0
       0
       2
       1
       2
       0
       2
       0
       3
       0
       1
       0
       0
       2
       0
       1
       1
       2
       0
       5
       0
       0
       0
       1
       0
       1
       1
       1
       1
       0
       1
       1
       0
       2
       1
       0
       0
       1
       1
       1
       1
       2
       2
       2
       3
       0
       0
       3
       2
       2
       2
       1
       1
       2
       1
       2
       0
       0
       0
       2
       1
       1
       2
       0
       0
       1
       1
       1
       2
       2
       0
       2
       2
       0
       0
       3
       0
       0
       0
       0
       3
       0
       0
       0
       0
       1
       1
       2
       3
       1
       4
       1
       0
       2
       0
       1
       1
       3
       0
       1
       1
       0
       2
       1
       0
       1
       0
       0
       0
       1
       2
       4
       1
       0
       2
       0
       3
       2
       2
       0
       0
       2
       0
       1
       0
       2
       0
       3
       1
       1
       0
       2
       3
       2
       2
       2
       2
       0
       1
       2
       2
       1
       1
       0
       0
       0
       1
       2
       4
       0
       3
       0
       0
       1
       0
       3
       2
       1
       1
       1
       0
       0
       3
       2
       1
       0
       0
       1
       1
       0
       0
       2
       1
       0
       1
       0
       0
       1
       0
       1
       0
       0
       1
       0
       0
       0
       0
       0
       3
       0
       1
       1
       2
       1
       0
       0
       4
       0
       3
       0
       0
       1
       3
       0
       0
       1
       1
       0
       2
       0
       0
       1
       0
       0
       2
       0
       1
       0
       4
       1
       0
       0
       1
       2
       1
       1
       1
       1
       0
       0
       0
       0
       1
       0
       3
       0
       1
       0
       1
       1
       4
       1
       0
       1
       0
       0
       2
       1
       1
       0
       1
       1
       0
       0
       0
       0
       0
       1
       3
       2
       0
       0
       1
       2
       1
       1
       2
       0
       0
       2
       2
       1
       0
       0
       0
       0
       2
       0
       0
       3
       1
       0
       0
       2
       0
       2
       1
       1
       2
       1
       1
       2
       1
       1
       1
       0
       0
       0
       1
       0
       1
       0
       0
       0
       1
       2
       0
       0
       0
       0
       1
       0
       0
       1
       1
       0
       1
       1
       1
       0
       3
       2
       2
       0
       0
       1
       0
       0
       0
       1
       0
       1
       1
       1
       0
       0
       1
       1
       1
       0
       1
       1
       1
       1
       1
       0
       2
       0
       3
       0
       0
       2
       0
       0
       2
       2
       1
       3
       0
       1
       0
       0
       0
       0
       1
       0
       0
       0
       0
       2
       2
       0
       0
       0
       0
       0
       2
       0
       2
       0
       1
       1
       1
       0
       0
       0
       1
       0
       0
       0
       0
       1
       1
       1
       0
       1
       0
       0
       1
       0
       3
       3
       2
       0
       2
       0
       0
       1
       0
       0
       0
       1
       2
       1
       0
       0
       0
       2
       0
       2
       0
       0
       2
       0
       2
       0
       1
       3
       1
       0
       0
       0
       1
       1
       2
       2
       1
       1
       0
       0
       0
       3
       3
       0
       2
       0
       0
       1
       0
       1
       2
       0
       2
       0
       0
       0
       1
       1
       1
       1
       0
       2
       0
       0
       2
       0
       1
       0
       1
       0
       1
       2
       1
       0
       1
       0
       0
       0
       0
       1
       0
       0
       2
       0
       3
       0
       0
       1
       0
       1
       1
       0
       0
       0
       0
       1
       0
       0
       1
       0
       0
       1
       1
       1
       0
       0
       0
       1
       0
       0
       0
       0
       0
       0
       2
       0
       0
       2
       2
       0
       0
       1
       2
       1
       0
       0
       1
       1
       1
       0
       0
       0
       0
       1
       0
       1
       0
       0
       0
       1
       1
       0
       1
       1
       1
       1
       0
       0
       1
       1
       0
       0
       1
       0
       0
       0
       0
       1
       0
       1
       0
       0
       0
       0
       2
       0
       0
       0
       0
       0
       0
       0
       1
       0
       1
       0
       0
       0
       0
       1
       0
       0
       1
       1
       2
       0
       0
       0
       0
       1
       0
       0
       0
       0
       1
       1
       0
       1
       1
       0
       0
       0
       1
       1
       1
       3
       0
       0
       0
       0
       0
       0
       1
       0
       0
       0
       0
       1
       0
       0
       0
       2
       0
       0
       0
       1
       0
       1
       0
       0
       0
       1
       1
       0
       0
       1
       0
       0
       1
       1
       0
       1
       0
       0
       0
       1
       0
       2
       0
       1
       1
       1
       0
       0
       0
       0
       1
       1
       2
       0
       0
       1
       1
       0
       1
       0
       0
       0
       0
       0
       1
       1
       1
       1
       0
       0
       1
       0
       1
       0
       2
       0
       0
       2
       0
       1
       0
       0
       0
       1
       1
       0
       0
       0
       0
       1
       0
       0
       0
       0
       0
       0
       0
       0
       0
       0
       1
       0
       1
       1
       0
       0
       1
       1
       0
       2
       0
       0
       1
       2
       0
       0
       1
       0
       0
       1
       0
       0
       0
       0
       0
       0
       0
       1
       2
       1
       0
       0
       0
       0
       0
       1
       0
       0
       1
       0
       0
       0
       0
       0
       2
       0
       0
       0
       0
       0
       0
       1
       0
       0
       0
       0
       0
       0
       1
       0
       0
       1
       1
       1
       1
       0
       2
       0
       0
       1
       0
       0
       0
       0
       1
       0
       1
       0
       0
       0
       0
       0
       0
       1
       1
       1
       0
       0
       0
       0
       2
       1
       1
       0
       0
       2
       1
       4
       0
       0
       0
       0
       0
       0
       0
       0
       0
       0
       0
       1
       0
       1
       0
       0
       1
       1
       0
       0
       0
       1
       0
       0
       1
       1
       0
       0
       0
       0
       2
       0
       1
       1
       1
       1
       1
       0
       0
       1
       0
       0
       0
       0
       0
       0
       1
       0
       0
       0
       1
       0
       0
       0
       1
       0
       0
       0
       1
       0
       2
       1
       0
       0
       0
       1
       1
       0
       0
       0
       0
       0
       0
       0
       0
       0
       0
       1
       0
       0
       0
       1
       0
       1
       0
       0
       0
       0
       0
       1
       0
       1
       1
       2
       0
       0
       0
       0
       0
       0
       0
       0
       0
       1
       1
       1
       1
       0
       1
       0
       0
       0
       0
       0
       0
       1
       0
       0
       0
       0
       0
       0
       0
       0
       0
       0
       0
       2
       1
       0
       2
       0
       0
       1
       0
       0
       0
       0
       0
       0
       0
       0
       0
       1
       0
       0
       0
       0
       0
       0
       0
       0
       0
       0
       1
       0
       1
       1
       0
       0
       1
       0
       0
       0
       0
       0
       0
       0
       0
       0
       0
       0
       0
       0
       1
       0
       0
       0
       0
       1
       0
       0
       1
       0
       1
       0
       0
       0
       1
       0
       0
       0
       0
       1
       0
       1
       0
       1
       0
       0
       1
       0
       0
       0
       0
       1
       0
       0
       0
       0
       0
       0
       0
       0
       0
       0
       0
       0
       0
       0
       0
       0
       0
       0
       0
       0
       1
       1
       0
       0
       0
       0
       0
       0
       0
       0
       0
       0
       0
       0
       0
       0
       0
       2
       0
       2
       1
       2
       0
       0
       0
       0
       0
       0
       0
       0
       0
       0
       0
       0
       0
       0
       0
       0
       0
       0
       0
       0
       0
       0
       0
       0
       0
       0
       0
       0
       0
       0
       0
       0
       0
