$SPEC_ID:
No sample description was entered.
$SPEC_REM:
DET# 1
DETDESC# FP-COMPTON2 MCB 129
AP# Maestro Version 7.01
$DATE_MEA:
12/12/2024 11:43:29
$MEAS_TIM:
210 211
$DATA:
0 2047
       0
       0
       0
       0
       0
       0
       0
       0
       0
       0
       0
       13871
       64
       0
       3
       17
       27
       40
       40
       66
       78
       74
       108
       179
       121
       124
       158
       174
       185
       222
       272
       251
       295
       322
       341
       361
       388
       386
       445
       462
       557
       498
       546
       575
       610
       691
       723
       736
       781
       779
       817
       916
       968
       1016
       985
       1007
       997
       1091
       1045
       1064
       1023
       1095
       1096
       1078
       1075
       1014
       1042
       991
       963
       986
       934
       973
       877
       896
       834
       817
       798
       796
       725
       720
       680
       621
       617
       580
       574
       553
       536
       525
       490
       496
       499
       451
       470
       444
       460
       391
       376
       392
       350
       384
       373
       370
       383
       379
       308
       354
       358
       361
       321
       331
       359
       344
       331
       412
       363
       368
       365
       383
       365
       393
       423
       416
       405
       465
       452
       455
       511
       502
       483
       478
       557
       526
       561
       535
       579
       594
       555
       592
       612
       594
       619
       631
       604
       607
       673
       619
       639
       666
       648
       681
       638
       685
       636
       637
       663
       638
       648
       602
       597
       631
       594
       578
       623
       565
       581
       609
       495
       539
       505
       493
       502
       487
       500
       469
       474
       457
       430
       433
       430
       403
       382
       410
       345
       369
       359
       332
       318
       313
       308
       328
       306
       284
       307
       312
       294
       256
       265
       284
       288
       266
       217
       253
       222
       249
       223
       211
       242
       212
       215
       232
       234
       220
       227
       219
       213
       210
       198
       187
       187
       182
       201
       161
       179
       177
       181
       168
       182
       172
       182
       167
       184
       168
       172
       151
       147
       162
       157
       170
       157
       154
       161
       145
       161
       138
       150
       139
       136
       143
       119
       162
       146
       140
       157
       141
       125
       118
       146
       143
       110
       137
       139
       137
       136
       149
       106
       136
       137
       117
       124
       130
       136
       129
       142
       127
       121
       121
       127
       108
       107
       127
       120
       131
       104
       109
       115
       119
       99
       121
       100
       111
       130
       102
       135
       125
       99
       115
       119
       116
       115
       100
       102
       82
       106
       105
       102
       96
       104
       101
       97
       105
       82
       89
       84
       123
       76
       105
       96
       91
       99
       72
       83
       100
       83
       76
       85
       109
       93
       85
       94
       95
       94
       91
       103
       77
       94
       106
       94
       75
       105
       88
       78
       96
       92
       82
       100
       79
       90
       108
       93
       95
       101
       99
       107
       90
       92
       104
       96
       95
       101
       126
       115
       104
       109
       123
       127
       95
       114
       99
       121
       128
       115
       116
       127
       115
       130
       143
       119
       134
       140
       132
       155
       155
       133
       148
       137
       142
       160
       152
       136
       139
       162
       172
       163
       162
       157
       154
       164
       166
       168
       154
       160
       180
       179
       195
       192
       193
       194
       197
       200
       187
       212
       171
       187
       202
       212
       207
       193
       237
       227
       208
       222
       205
       212
       241
       234
       209
       259
       271
       250
       260
       248
       258
       259
       251
       238
       285
       286
       264
       249
       289
       295
       249
       305
       278
       319
       308
       290
       280
       288
       332
       290
       327
       318
       268
       316
       272
       303
       340
       297
       305
       331
       331
       334
       357
       323
       354
       332
       337
       355
       325
       338
       311
       336
       298
       333
       333
       310
       346
       302
       323
       320
       360
       343
       283
       339
       352
       317
       332
       357
       321
       356
       323
       340
       295
       368
       327
       339
       289
       333
       289
       303
       267
       271
       286
       300
       287
       317
       310
       274
       297
       273
       287
       277
       273
       282
       265
       277
       272
       295
       265
       244
       249
       275
       246
       247
       247
       242
       255
       239
       222
       232
       234
       207
       210
       219
       195
       228
       232
       212
       200
       207
       229
       171
       183
       156
       187
       168
       179
       193
       166
       184
       170
       176
       175
       145
       132
       148
       147
       159
       135
       129
       128
       132
       144
       134
       133
       141
       123
       139
       120
       124
       132
       108
       112
       136
       99
       100
       116
       108
       93
       94
       108
       84
       100
       101
       94
       93
       86
       77
       88
       91
       78
       83
       88
       70
       68
       78
       84
       72
       87
       65
       75
       69
       76
       64
       64
       64
       75
       67
       71
       76
       46
       53
       57
       68
       57
       43
       50
       54
       50
       41
       49
       46
       45
       48
       53
       57
       48
       51
       53
       37
       50
       54
       49
       38
       46
       39
       26
       36
       40
       31
       31
       35
       29
       27
       23
       29
       31
       30
       34
       33
       26
       30
       30
       33
       29
       16
       28
       21
       28
       17
       26
       24
       24
       16
       31
       14
       13
       17
       19
       18
       18
       19
       21
       17
       13
       20
       29
       19
       15
       17
       13
       20
       21
       13
       8
       15
       18
       8
       12
       13
       14
       15
       12
       17
       20
       10
       7
       14
       15
       10
       11
       13
       8
       10
       12
       6
       19
       17
       13
       14
       13
       12
       15
       12
       6
       12
       7
       12
       8
       9
       8
       6
       9
       14
       12
       9
       9
       10
       8
       9
       9
       7
       6
       9
       9
       9
       10
       7
       7
       10
       6
       5
       5
       11
       14
       8
       11
       8
       11
       3
       5
       6
       6
       12
       10
       11
       8
       7
       5
       9
       12
       7
       3
       12
       13
       10
       7
       4
       8
       6
       6
       7
       8
       5
       6
       0
       10
       3
       5
       4
       4
       6
       4
       5
       11
       7
       1
       3
       8
       8
       9
       4
       5
       9
       7
       3
       8
       11
       7
       4
       11
       6
       3
       4
       7
       3
       7
       6
       9
       4
       13
       3
       6
       1
       9
       5
       5
       4
       10
       3
       8
       9
       1
       7
       4
       3
       3
       2
       7
       3
       0
       4
       7
       3
       2
       3
       0
       5
       2
       3
       4
       9
       4
       7
       1
       5
       2
       3
       5
       5
       4
       4
       2
       6
       7
       0
       5
       2
       3
       0
       3
       3
       1
       4
       6
       3
       5
       4
       4
       3
       3
       3
       5
       3
       2
       1
       4
       2
       2
       2
       3
       5
       3
       1
       2
       6
       1
       6
       2
       1
       2
       4
       6
       3
       6
       6
       3
       1
       5
       3
       6
       1
       1
       3
       3
       2
       2
       2
       1
       2
       5
       1
       1
       5
       3
       4
       3
       1
       3
       4
       2
       2
       3
       3
       1
       3
       3
       3
       1
       1
       3
       1
       4
       0
       0
       2
       3
       1
       1
       1
       5
       1
       2
       2
       2
       2
       3
       1
       3
       2
       1
       2
       1
       2
       4
       0
       0
       1
       1
       2
       2
       0
       0
       2
       0
       5
       1
       1
       2
       3
       1
       2
       0
       0
       0
       3
       0
       2
       0
       2
       0
       1
       3
       0
       5
       1
       0
       2
       1
       3
       2
       1
       1
       2
       1
       2
       3
       0
       1
       2
       0
       1
       0
       0
       2
       1
       1
       0
       0
       1
       2
       0
       0
       0
       2
       0
       1
       1
       0
       0
       0
       0
       3
       0
       1
       2
       3
       0
       1
       0
       0
       1
       2
       0
       4
       1
       0
       1
       1
       1
       1
       2
       1
       2
       1
       1
       0
       0
       1
       1
       0
       1
       0
       2
       0
       1
       0
       0
       0
       1
       0
       0
       0
       1
       1
       0
       0
       1
       0
       2
       0
       0
       3
       0
       1
       1
       1
       0
       2
       3
       2
       1
       0
       1
       0
       0
       1
       1
       1
       0
       1
       0
       0
       1
       1
       1
       1
       0
       0
       0
       0
       0
       0
       0
       0
       1
       1
       1
       0
       0
       0
       0
       1
       0
       1
       0
       0
       0
       0
       0
       2
       2
       1
       1
       1
       0
       0
       0
       0
       1
       1
       2
       2
       0
       0
       0
       1
       0
       3
       2
       0
       2
       1
       0
       1
       0
       1
       1
       0
       0
       0
       1
       1
       0
       1
       1
       1
       0
       2
       1
       0
       1
       1
       1
       2
       0
       1
       1
       0
       1
       0
       0
       3
       1
       0
       0
       0
       0
       0
       0
       1
       0
       0
       2
       0
       0
       0
       1
       0
       0
       0
       0
       1
       0
       1
       0
       1
       1
       1
       0
       0
       0
       1
       0
       0
       0
       0
       1
       1
       1
       0
       0
       1
       0
       0
       0
       0
       1
       1
       1
       1
       0
       1
       2
       1
       2
       0
       0
       0
       1
       0
       1
       1
       0
       0
       0
       0
       0
       0
       0
       1
       0
       1
       0
       0
       0
       0
       1
       1
       1
       0
       0
       1
       0
       1
       1
       0
       1
       0
       0
       0
       0
       0
       1
       0
       0
       0
       1
       0
       3
       1
       0
       1
       0
       0
       1
       1
       0
       2
       0
       0
       1
       0
       0
       0
       1
       0
       0
       1
       0
       0
       0
       0
       0
       0
       0
       0
       0
       0
       0
       0
       0
       3
       0
       0
       2
       0
       1
       1
       1
       1
       1
       0
       0
       2
       1
       0
       3
       0
       0
       0
       0
       1
       1
       0
       1
       2
       0
       0
       0
       0
       0
       0
       2
       2
       0
       0
       1
       0
       1
       1
       0
       1
       0
       0
       0
       3
       0
       2
       0
       1
       1
       0
       0
       0
       1
       0
       0
       0
       0
       0
       0
       0
       0
       2
       1
       1
       1
       1
       0
       2
       1
       2
       2
       0
       0
       0
       1
       0
       1
       1
       0
       0
       2
       0
       1
       1
       0
       0
       0
       0
       1
       0
       0
       0
       0
       0
       1
       1
       0
       0
       0
       1
       2
       0
       0
       0
       0
       1
       0
       0
       1
       0
       0
       2
       0
       1
       1
       0
       0
       0
       1
       0
       0
       0
       0
       1
       0
       0
       0
       1
       0
       1
       0
       0
       0
       0
       0
       0
       0
       0
       0
       0
       0
       2
       0
       2
       0
       1
       1
       0
       0
       1
       1
       1
       0
       0
       1
       0
       0
       0
       0
       0
       0
       0
       0
       0
       0
       1
       0
       1
       1
       1
       0
       0
       0
       0
       1
       0
       0
       0
       0
       0
       0
       0
       0
       0
       0
       1
       0
       1
       0
       0
       0
       0
       1
       0
       2
       0
       0
       0
       0
       0
       0
       1
       1
       1
       0
       0
       1
       0
       0
       0
       0
       0
       0
       1
       0
       0
       0
       2
       0
       0
       1
       0
       0
       0
       0
       1
       0
       1
       0
       0
       0
       1
       0
       1
       1
       1
       0
       0
       0
       2
       0
       0
       2
       0
       0
       0
       0
       0
       0
       0
       0
       0
       0
       1
       0
       0
       0
       0
       0
       0
       1
       1
       0
       0
       0
       0
       1
       0
       0
       0
       0
       0
       0
       0
       0
       0
       1
       0
       0
       0
       0
       0
       0
       0
       0
       0
       1
       0
       0
       0
       0
       1
       0
       2
       0
       0
       0
       0
       1
       0
       0
       0
       0
       1
       0
       1
       0
       0
       1
       0
       1
       0
       0
       0
       0
       0
       1
       1
       0
       1
       1
       0
       0
       0
       0
       0
       0
       1
       0
       0
       0
       0
       1
       0
       0
       0
       0
       1
       1
       0
       1
       0
       0
       0
       0
       0
       0
       0
       0
       1
       0
       1
       1
       0
       0
       2
       0
       0
       1
       0
       0
       1
       0
       0
       0
       0
       2
       1
       0
       0
       0
       1
       1
       0
       0
       0
       0
       0
       0
       0
       1
       0
       1
       1
       1
       0
       0
       0
       0
       0
       0
       1
       1
       0
       1
       0
       1
       1
       0
       0
       0
       0
       1
       0
       0
       0
       0
       0
       1
       1
       0
       0
       0
       0
       1
       0
       0
       0
       0
       1
       0
       0
       0
       2
       0
       0
       0
       0
       0
       0
       0
       0
       0
       0
       1
       0
       0
       0
       0
       0
       0
       1
       0
       0
       0
       0
       1
       1
       0
       0
       1
       0
       1
       0
       0
       0
       0
       0
       1
       1
       0
       0
       0
       3
       0
       0
       0
       0
       0
       0
       0
       0
       0
       0
       1
       0
       0
       0
       0
       0
       1
       0
       0
       0
       0
       0
       0
       0
       1
       0
       0
       1
       0
       1
       1
       0
       0
       1
       0
       0
       0
       0
       0
       0
       0
       0
       1
       0
       0
       0
       0
       0
       0
       0
       0
       1
       0
       0
       1
       0
       0
       0
       0
       0
       0
       0
       0
       0
       0
       0
       0
       1
       0
       1
       0
       0
       0
       0
       1
       0
       0
       0
       0
       1
       0
       0
       1
       0
       0
       0
       0
       0
       0
       0
       0
       0
       0
       0
       0
       0
       0
       0
       0
       0
       0
       1
       0
       0
       0
       0
       1
       0
       0
       0
       0
       0
       0
       0
       0
       0
       0
       0
       0
       0
       0
       0
       0
       0
       0
       0
       0
       0
       0
       0
       1
       0
       1
       0
       0
       0
       0
       0
       0
       0
       0
       0
       1
       0
       1
       0
       0
       0
       0
       1
       0
       0
       0
       1
       1
       0
       0
       0
       0
       0
       0
       0
       0
       0
       0
       0
       0
       0
       0
       1
       0
       0
       0
       0
       0
       0
       0
       0
       1
       0
       0
       1
       0
       1
       0
       0
       0
       0
       0
       1
       0
       0
       0
       0
       0
       0
       1
       0
       0
       0
       0
       0
       0
       0
       1
       0
       0
       0
       0
       0
       0
       0
       0
       0
       0
       0
       1
       0
       0
       0
       1
       0
       0
       0
       0
       1
       0
       0
       0
       0
       0
       0
       0
       0
       0
       1
       0
       0
       0
       0
       0
       0
       0
       0
       0
       0
       1
       0
       0
       0
       0
       0
       0
       0
       0
       0
       0
       0
       0
       0
       0
       0
       0
       0
       0
       0
       0
       0
       0
       0
       0
       0
       0
       0
       0
       0
       0
       0
       0
       0
