$SPEC_ID:
No sample description was entered.
$SPEC_REM:
DET# 1
DETDESC# FP-COMPTON2 MCB 129
AP# Maestro Version 7.01
$DATE_MEA:
12/12/2024 11:43:29
$MEAS_TIM:
427 428
$DATA:
0 2047
       0
       0
       0
       0
       0
       0
       0
       0
       0
       0
       0
       27855
       155
       0
       0
       0
       4
       3
       14
       32
       48
       40
       51
       49
       39
       45
       31
       34
       25
       23
       21
       27
       16
       25
       19
       30
       15
       18
       24
       17
       25
       26
       22
       20
       14
       31
       18
       29
       25
       37
       31
       23
       35
       38
       36
       28
       37
       27
       34
       22
       34
       35
       30
       39
       32
       42
       30
       23
       36
       37
       41
       34
       48
       45
       31
       37
       40
       36
       34
       46
       41
       38
       31
       46
       28
       30
       31
       46
       51
       40
       40
       45
       47
       41
       46
       49
       43
       45
       39
       47
       52
       44
       44
       49
       40
       51
       56
       53
       49
       53
       43
       51
       51
       52
       66
       59
       64
       67
       48
       78
       50
       53
       53
       68
       69
       69
       65
       68
       54
       65
       67
       82
       89
       69
       82
       79
       65
       68
       100
       77
       81
       85
       79
       83
       89
       91
       93
       87
       79
       90
       93
       78
       111
       108
       97
       90
       75
       93
       76
       109
       99
       99
       86
       92
       106
       83
       98
       99
       85
       101
       92
       112
       96
       94
       100
       105
       86
       108
       104
       83
       90
       98
       116
       86
       98
       108
       111
       105
       82
       83
       99
       91
       84
       94
       103
       74
       92
       82
       92
       96
       89
       98
       100
       111
       89
       69
       91
       96
       82
       84
       100
       89
       94
       85
       79
       108
       100
       82
       98
       90
       112
       72
       91
       85
       112
       78
       98
       100
       129
       109
       92
       79
       104
       89
       97
       102
       104
       95
       111
       106
       108
       92
       110
       102
       98
       129
       112
       110
       95
       94
       97
       100
       102
       109
       103
       99
       85
       114
       86
       94
       137
       113
       116
       105
       86
       112
       102
       111
       114
       83
       106
       115
       106
       96
       98
       112
       107
       110
       90
       110
       115
       103
       107
       110
       109
       101
       125
       122
       128
       131
       106
       107
       117
       107
       111
       109
       136
       119
       115
       127
       118
       97
       110
       126
       118
       109
       120
       123
       120
       118
       99
       112
       129
       108
       117
       114
       105
       109
       100
       116
       116
       109
       103
       113
       122
       124
       108
       108
       108
       108
       110
       108
       121
       113
       109
       114
       114
       113
       108
       104
       107
       99
       106
       111
       121
       125
       87
       92
       105
       111
       97
       115
       106
       105
       106
       82
       118
       101
       95
       92
       88
       117
       132
       111
       108
       109
       110
       108
       113
       100
       103
       105
       106
       95
       103
       113
       97
       78
       93
       118
       89
       118
       113
       97
       83
       104
       97
       104
       108
       89
       110
       89
       93
       84
       101
       87
       96
       104
       94
       96
       78
       88
       85
       85
       106
       87
       94
       88
       84
       79
       80
       79
       81
       85
       79
       92
       71
       79
       94
       75
       81
       73
       75
       92
       100
       73
       85
       81
       71
       89
       92
       86
       91
       64
       89
       73
       76
       84
       71
       73
       77
       86
       77
       85
       68
       65
       76
       78
       67
       80
       69
       82
       59
       90
       83
       75
       68
       81
       64
       59
       81
       67
       91
       75
       60
       66
       83
       70
       70
       79
       60
       66
       62
       62
       70
       65
       63
       64
       62
       58
       54
       82
       72
       70
       72
       67
       55
       71
       61
       50
       54
       53
       52
       57
       48
       60
       63
       48
       55
       75
       60
       50
       54
       58
       50
       68
       48
       50
       67
       54
       61
       57
       66
       50
       53
       51
       50
       50
       52
       60
       55
       55
       66
       63
       42
       52
       50
       46
       35
       52
       41
       43
       63
       48
       55
       54
       41
       47
       34
       49
       63
       36
       37
       43
       39
       42
       43
       55
       46
       44
       38
       53
       42
       48
       45
       52
       38
       44
       60
       39
       34
       47
       53
       45
       40
       58
       47
       50
       53
       39
       58
       48
       67
       46
       48
       66
       44
       50
       57
       55
       65
       48
       45
       53
       48
       60
       44
       49
       60
       68
       63
       49
       70
       51
       63
       55
       61
       56
       56
       72
       57
       94
       67
       71
       74
       60
       67
       78
       64
       76
       65
       79
       75
       74
       81
       83
       80
       65
       84
       82
       81
       81
       94
       86
       79
       76
       98
       97
       83
       79
       98
       70
       78
       95
       79
       89
       95
       74
       99
       75
       98
       101
       85
       113
       81
       106
       96
       103
       112
       76
       98
       91
       100
       100
       88
       80
       100
       104
       105
       100
       98
       71
       101
       86
       75
       110
       105
       105
       108
       102
       100
       110
       116
       99
       83
       105
       83
       85
       117
       85
       102
       102
       94
       68
       92
       117
       105
       96
       100
       84
       92
       109
       83
       95
       89
       85
       100
       76
       92
       96
       86
       90
       99
       91
       89
       80
       79
       95
       89
       96
       79
       77
       81
       77
       84
       94
       76
       79
       78
       75
       88
       71
       84
       79
       82
       73
       81
       83
       73
       81
       72
       62
       91
       70
       78
       79
       69
       69
       60
       72
       77
       80
       75
       78
       61
       53
       61
       76
       64
       64
       63
       53
       70
       51
       79
       59
       72
       67
       62
       55
       41
       57
       61
       68
       57
       66
       65
       56
       66
       55
       63
       48
       59
       49
       57
       59
       53
       55
       68
       51
       51
       40
       46
       49
       53
       51
       49
       41
       56
       61
       51
       47
       42
       54
       40
       48
       51
       43
       47
       42
       41
       38
       50
       46
       40
       36
       50
       34
       44
       36
       34
       38
       47
       39
       35
       25
       48
       44
       40
       45
       33
       42
       42
       30
       37
       20
       34
       46
       30
       40
       41
       37
       42
       36
       27
       43
       29
       25
       41
       36
       34
       19
       44
       45
       24
       26
       32
       40
       36
       24
       31
       31
       33
       34
       29
       24
       25
       23
       40
       26
       22
       28
       39
       33
       27
       31
       35
       32
       21
       33
       24
       29
       24
       30
       24
       26
       37
       34
       27
       24
       17
       32
       29
       31
       23
       37
       32
       34
       21
       21
       16
       17
       31
       33
       25
       28
       28
       28
       18
       37
       27
       25
       26
       30
       20
       27
       19
       31
       18
       23
       25
       29
       20
       28
       22
       30
       30
       36
       25
       22
       22
       20
       25
       22
       26
       16
       27
       20
       27
       24
       24
       16
       14
       23
       26
       19
       27
       21
       25
       24
       14
       25
       28
       28
       26
       28
       26
       21
       32
       30
       28
       26
       38
       25
       23
       25
       22
       30
       22
       12
       24
       36
       26
       18
       27
       22
       27
       26
       21
       24
       21
       26
       20
       22
       22
       25
       4
       24
       15
       11
       12
       15
       17
       28
       19
       15
       22
       29
       15
       21
       24
       21
       19
       18
       30
       13
       21
       21
       31
       19
       18
       15
       14
       19
       16
       24
       23
       31
       20
       23
       22
       25
       26
       21
       24
       31
       15
       28
       23
       26
       19
       28
       23
       20
       21
       13
       21
       20
       21
       26
       20
       14
       16
       22
       27
       11
       13
       25
       30
       19
       20
       15
       17
       23
       20
       17
       28
       18
       15
       15
       15
       16
       17
       20
       8
       15
       17
       15
       17
       21
       19
       24
       20
       23
       18
       18
       14
       23
       23
       12
       21
       24
       20
       21
       20
       23
       20
       16
       16
       18
       15
       27
       26
       18
       25
       20
       15
       14
       16
       25
       14
       15
       17
       13
       13
       9
       17
       17
       18
       14
       23
       12
       15
       27
       20
       20
       23
       20
       15
       18
       16
       20
       15
       13
       16
       20
       23
       10
       23
       11
       16
       23
       19
       15
       20
       17
       21
       22
       14
       11
       15
       21
       15
       18
       18
       15
       12
       14
       28
       11
       23
       18
       21
       15
       23
       14
       15
       16
       15
       14
       12
       17
       22
       21
       17
       15
       15
       20
       17
       11
       17
       23
       11
       20
       12
       15
       17
       27
       20
       14
       16
       15
       14
       5
       19
       13
       11
       18
       11
       15
       15
       13
       16
       15
       15
       14
       18
       9
       15
       10
       14
       15
       8
       13
       13
       15
       22
       14
       19
       15
       15
       11
       15
       15
       9
       11
       12
       11
       10
       10
       13
       16
       12
       11
       9
       20
       13
       16
       13
       7
       10
       14
       8
       8
       11
       7
       10
       13
       16
       6
       9
       12
       22
       14
       9
       12
       11
       12
       18
       8
       8
       17
       5
       11
       10
       13
       15
       8
       13
       9
       14
       10
       10
       11
       12
       13
       4
       10
       8
       8
       12
       10
       7
       11
       9
       12
       10
       7
       9
       8
       6
       11
       10
       5
       11
       13
       4
       8
       7
       10
       8
       12
       11
       8
       7
       6
       8
       7
       12
       8
       10
       13
       8
       12
       7
       6
       7
       9
       5
       11
       5
       7
       7
       11
       6
       10
       12
       13
       7
       7
       5
       6
       6
       7
       10
       7
       9
       4
       8
       7
       11
       8
       6
       8
       7
       9
       9
       10
       10
       10
       5
       9
       12
       8
       4
       6
       5
       5
       6
       14
       5
       9
       5
       15
       9
       7
       7
       9
       8
       6
       10
       8
       3
       12
       7
       11
       7
       9
       8
       14
       4
       3
       8
       9
       4
       7
       5
       10
       8
       6
       12
       8
       2
       10
       6
       5
       11
       5
       8
       4
       8
       5
       12
       5
       2
       19
       9
       6
       13
       7
       13
       14
       4
       11
       8
       7
       6
       8
       10
       8
       5
       7
       12
       6
       12
       8
       11
       9
       10
       6
       5
       3
       5
       4
       6
       11
       7
       11
       17
       16
       9
       13
       12
       6
       17
       9
       10
       6
       7
       7
       14
       11
       7
       6
       12
       6
       14
       17
       13
       14
       8
       8
       11
       5
       13
       13
       15
       14
       7
       14
       3
       13
       6
       7
       12
       9
       17
       12
       8
       13
       5
       8
       8
       13
       16
       11
       9
       16
       12
       13
       10
       11
       6
       9
       11
       11
       8
       9
       11
       11
       13
       10
       13
       7
       16
       12
       11
       15
       8
       11
       12
       6
       10
       12
       12
       7
       12
       6
       11
       20
       11
       10
       8
       16
       12
       13
       15
       16
       13
       9
       9
       16
       12
       11
       9
       5
       18
       17
       11
       8
       14
       7
       10
       9
       9
       7
       11
       12
       6
       8
       8
       7
       12
       12
       5
       6
       7
       13
       14
       6
       11
       9
       10
       5
       7
       11
       8
       18
       10
       8
       11
       7
       5
       7
       5
       7
       7
       6
       10
       10
       10
       7
       8
       13
       9
       13
       7
       9
       13
       8
       5
       10
       11
       4
       12
       12
       6
       5
       10
       6
       10
       5
       9
       7
       10
       6
       15
       6
       5
       8
       7
       9
       14
       9
       5
       7
       8
       14
       6
       9
       10
       4
       7
       5
       5
       9
       5
       12
       10
       11
       5
       6
       6
       5
       6
       9
       5
       13
       6
       9
       6
       10
       6
       7
       9
       7
       11
       6
       5
       6
       6
       9
       2
       7
       6
       3
       4
       7
       3
       8
       6
       5
       5
       8
       5
       8
       10
       9
       5
       4
       5
       10
       8
       10
       7
       3
       7
       3
       3
       6
       9
       7
       2
       5
       5
       4
       3
       7
       3
       10
       13
       6
       9
       6
       2
       4
       5
       9
       6
       5
       3
       6
       5
       4
       4
       6
       3
       2
       10
       5
       3
       5
       5
       6
       5
       5
       3
       8
       3
       4
       4
       8
       3
       8
       5
       3
       4
       4
       7
       2
       8
       2
       3
       4
       3
       8
       6
       2
       6
       7
       8
       4
       2
       4
       3
       3
       4
       3
       2
       5
       6
       6
       2
       6
       5
       6
       5
       2
       3
       3
       6
       5
       4
       4
       1
       9
       5
       1
       4
       2
       5
       2
       3
       4
       3
       7
       4
       7
       4
       4
       3
       6
       4
       3
       6
       6
       5
       5
       1
       7
       6
       9
       9
       4
       2
       1
       7
       4
       5
       3
       2
       5
       6
       8
       2
       1
       4
       3
       6
       8
       4
       2
       5
       6
       2
       4
       2
       1
       3
       4
       3
       1
       3
       4
       7
       0
       3
       4
       2
       4
       5
       3
       6
       4
       7
       1
       3
       4
       2
       3
       6
       5
       3
       2
       5
       5
       4
       3
       4
       4
       2
       4
       1
       1
       5
       5
       7
       4
       4
       3
       1
       3
       3
       4
       3
       2
       2
       3
       1
       4
       7
       4
       5
       6
       4
       5
       4
       1
       4
       3
       5
       1
       4
       3
       1
       4
       6
       7
       2
       5
       5
       3
       3
       0
       1
       3
       3
       3
       1
       6
       1
       3
       4
       1
       3
       2
       1
       2
       0
       3
       3
       3
       1
       2
       0
       3
       3
       5
       4
       0
       3
       1
       2
       0
       3
       3
       1
       2
       0
       4
       2
       2
       1
       2
       2
       1
       1
       2
       1
       0
       3
       2
       3
       8
       5
       2
       2
       2
       3
       1
       5
       2
       1
       0
       3
       1
       4
       3
       4
       3
       2
       1
       1
       0
       2
       5
       3
       3
       2
       2
       1
       2
       1
       4
       4
       3
       3
       0
       4
       0
       2
       4
       3
       2
       1
       0
       3
       1
       3
       2
       4
       0
       3
       1
       2
       3
       4
       1
       1
       2
       2
       2
       1
       2
       4
       2
       0
       0
       4
       4
       0
       2
       2
       1
       1
       1
       2
       2
       2
       2
       3
       2
       2
       3
       3
       1
       0
       0
       5
       3
       1
       0
       4
       4
       3
       2
       0
       0
       0
       0
       0
       0
       0
       0
       0
       0
       0
       0
       0
       0
       0
       0
       0
       0
       0
       0
       0
       0
       0
       0
       0
       0
       0
       0
       0
       0
       0
       0
