$SPEC_ID:
No sample description was entered.
$SPEC_REM:
DET# 2
DETDESC# FP-COMPTON2 MCB 130
AP# Maestro Version 7.01
$DATE_MEA:
12/12/2024 11:43:25
$MEAS_TIM:
187 188
$DATA:
0 2047
       0
       0
       0
       0
       0
       0
       0
       0
       0
       0
       0
       0
       1
       2
       1
       1
       6
       4
       3
       2
       2
       4
       15
       26
       28
       31
       29
       48
       76
       94
       123
       126
       154
       195
       196
       216
       270
       321
       413
       419
       482
       532
       641
       721
       781
       933
       960
       1000
       1038
       1082
       1136
       1156
       1182
       1138
       1167
       1196
       1119
       1157
       1138
       1170
       1164
       1152
       1118
       1153
       1082
       1076
       1117
       1120
       1119
       1073
       1047
       1048
       969
       913
       865
       885
       864
       854
       769
       760
       724
       668
       630
       634
       592
       523
       509
       443
       488
       438
       429
       396
       398
       344
       333
       309
       303
       318
       286
       285
       251
       244
       255
       228
       269
       280
       276
       260
       284
       268
       265
       273
       260
       284
       314
       307
       295
       303
       356
       370
       367
       384
       369
       357
       404
       394
       417
       419
       470
       490
       487
       521
       520
       507
       527
       555
       578
       573
       563
       601
       625
       601
       601
       646
       690
       685
       698
       659
       669
       670
       717
       678
       701
       644
       648
       719
       678
       683
       654
       649
       682
       656
       574
       634
       599
       621
       580
       540
       613
       546
       496
       529
       477
       453
       450
       463
       404
       387
       329
       351
       378
       316
       325
       289
       269
       260
       249
       274
       251
       236
       219
       220
       223
       198
       190
       176
       189
       166
       165
       178
       181
       174
       151
       162
       151
       159
       170
       134
       142
       149
       161
       129
       151
       148
       121
       151
       156
       137
       149
       127
       156
       146
       154
       166
       156
       154
       164
       149
       165
       160
       153
       161
       157
       167
       153
       171
       170
       140
       140
       149
       136
       159
       135
       165
       177
       167
       153
       148
       181
       142
       173
       162
       154
       163
       157
       140
       157
       156
       140
       156
       144
       151
       158
       129
       159
       165
       156
       166
       174
       172
       150
       142
       148
       147
       146
       128
       141
       158
       152
       142
       160
       143
       162
       129
       138
       176
       150
       149
       112
       144
       141
       149
       140
       138
       127
       121
       158
       125
       140
       127
       127
       127
       114
       122
       123
       125
       129
       133
       127
       124
       123
       108
       102
       110
       108
       108
       137
       117
       113
       90
       112
       115
       109
       105
       112
       102
       96
       119
       115
       122
       109
       108
       109
       119
       101
       111
       100
       107
       98
       105
       105
       109
       110
       101
       106
       110
       119
       110
       114
       112
       114
       130
       127
       93
       123
       114
       101
       141
       122
       117
       122
       121
       156
       123
       154
       127
       132
       127
       143
       136
       127
       135
       130
       169
       143
       148
       162
       174
       156
       148
       172
       173
       160
       183
       205
       169
       169
       178
       162
       200
       178
       176
       178
       211
       180
       204
       180
       209
       232
       205
       221
       200
       193
       223
       226
       227
       217
       247
       223
       222
       221
       228
       246
       254
       238
       242
       252
       263
       255
       279
       277
       266
       289
       264
       274
       276
       271
       281
       296
       283
       261
       253
       318
       299
       299
       328
       317
       305
       313
       327
       322
       292
       332
       317
       289
       320
       336
       328
       327
       347
       341
       319
       321
       349
       356
       342
       359
       357
       367
       345
       389
       366
       323
       375
       404
       374
       336
       378
       409
       387
       387
       368
       383
       399
       411
       432
       382
       407
       401
       373
       400
       417
       432
       423
       419
       396
       422
       411
       393
       428
       429
       427
       417
       416
       435
       414
       422
       375
       393
       354
       407
       447
       426
       408
       407
       384
       410
       405
       401
       396
       404
       365
       376
       348
       417
       340
       373
       326
       337
       364
       336
       335
       317
       305
       289
       330
       365
       296
       312
       306
       307
       291
       282
       266
       276
       257
       277
       255
       242
       262
       241
       229
       208
       229
       226
       198
       212
       187
       191
       199
       181
       182
       193
       187
       177
       177
       160
       153
       161
       161
       144
       161
       136
       138
       140
       126
       111
       116
       120
       109
       111
       114
       103
       85
       109
       90
       78
       90
       85
       88
       90
       75
       75
       85
       68
       72
       77
       64
       72
       54
       66
       57
       61
       58
       55
       51
       54
       60
       46
       44
       49
       52
       51
       47
       33
       36
       44
       46
       31
       57
       44
       47
       27
       37
       26
       31
       40
       36
       40
       38
       38
       27
       33
       27
       25
       34
       30
       31
       42
       16
       20
       20
       27
       17
       32
       25
       27
       19
       23
       12
       24
       26
       19
       24
       21
       16
       20
       21
       15
       14
       32
       18
       11
       24
       25
       21
       15
       27
       12
       13
       19
       17
       19
       15
       14
       14
       15
       12
       11
       6
       20
       16
       14
       11
       19
       7
       13
       15
       12
       13
       14
       10
       8
       13
       19
       12
       5
       16
       12
       11
       14
       13
       15
       13
       10
       3
       8
       9
       13
       9
       11
       11
       3
       10
       8
       10
       12
       13
       8
       7
       9
       16
       12
       9
       6
       13
       2
       5
       16
       10
       12
       12
       9
       8
       4
       7
       9
       10
       13
       10
       8
       13
       6
       6
       9
       8
       12
       10
       12
       7
       14
       8
       2
       5
       9
       9
       7
       9
       12
       6
       1
       12
       8
       5
       5
       4
       12
       11
       5
       7
       7
       2
       7
       15
       5
       7
       7
       4
       10
       9
       8
       9
       11
       6
       4
       8
       3
       8
       7
       6
       6
       5
       7
       5
       8
       9
       6
       7
       7
       6
       5
       7
       11
       7
       8
       3
       5
       7
       5
       10
       6
       8
       9
       9
       4
       8
       7
       8
       9
       8
       4
       5
       6
       2
       8
       4
       7
       7
       4
       5
       2
       7
       6
       6
       6
       9
       6
       4
       6
       3
       9
       8
       5
       2
       5
       1
       4
       4
       1
       3
       3
       5
       6
       2
       8
       7
       4
       5
       1
       6
       7
       5
       6
       7
       2
       3
       1
       1
       4
       5
       4
       3
       3
       3
       3
       5
       5
       5
       1
       6
       4
       5
       6
       5
       2
       5
       10
       5
       7
       5
       3
       3
       1
       0
       3
       5
       3
       5
       2
       3
       4
       5
       8
       2
       3
       5
       3
       2
       3
       0
       3
       4
       1
       2
       3
       0
       3
       2
       2
       5
       4
       2
       2
       3
       5
       2
       5
       3
       2
       2
       4
       3
       1
       3
       1
       1
       3
       2
       1
       2
       0
       5
       4
       4
       2
       1
       1
       3
       0
       2
       5
       2
       0
       1
       2
       5
       4
       3
       4
       2
       4
       3
       3
       1
       4
       2
       3
       2
       2
       1
       1
       4
       6
       1
       2
       4
       1
       1
       1
       6
       3
       1
       3
       4
       1
       1
       2
       2
       4
       3
       1
       4
       0
       1
       3
       0
       1
       1
       4
       0
       1
       1
       3
       4
       0
       3
       3
       1
       3
       2
       4
       3
       1
       4
       3
       2
       3
       3
       2
       1
       0
       2
       4
       0
       1
       4
       1
       3
       2
       1
       0
       2
       0
       4
       2
       2
       1
       0
       2
       1
       0
       2
       2
       1
       2
       2
       2
       0
       2
       2
       2
       4
       1
       2
       2
       1
       0
       2
       2
       2
       2
       2
       1
       3
       5
       2
       1
       2
       1
       2
       1
       1
       4
       2
       1
       3
       1
       2
       2
       3
       1
       1
       2
       1
       3
       3
       2
       5
       0
       2
       1
       2
       1
       0
       1
       0
       5
       0
       1
       4
       2
       4
       2
       4
       0
       3
       3
       1
       1
       1
       3
       2
       5
       2
       0
       1
       2
       2
       1
       4
       0
       1
       2
       1
       3
       1
       3
       2
       1
       1
       2
       2
       2
       1
       0
       2
       1
       3
       4
       5
       4
       2
       4
       0
       0
       4
       1
       2
       4
       4
       3
       1
       6
       0
       1
       1
       3
       2
       3
       1
       0
       2
       3
       1
       2
       3
       1
       2
       3
       1
       2
       3
       3
       5
       3
       4
       2
       2
       3
       1
       3
       1
       0
       0
       6
       2
       2
       3
       3
       1
       1
       2
       1
       1
       3
       3
       1
       0
       3
       0
       3
       2
       5
       4
       1
       2
       0
       0
       3
       2
       1
       1
       1
       0
       0
       2
       1
       2
       1
       4
       0
       3
       1
       0
       1
       3
       3
       1
       0
       1
       1
       1
       0
       1
       2
       1
       1
       3
       0
       0
       1
       3
       0
       1
       1
       2
       1
       1
       0
       1
       0
       1
       2
       0
       1
       1
       1
       1
       0
       0
       1
       2
       0
       0
       0
       4
       2
       1
       0
       2
       0
       1
       1
       2
       1
       1
       0
       0
       2
       1
       3
       0
       2
       0
       1
       1
       0
       3
       1
       3
       3
       0
       1
       1
       1
       0
       1
       1
       2
       2
       3
       5
       2
       1
       0
       2
       2
       0
       1
       1
       2
       1
       1
       0
       3
       0
       2
       2
       2
       1
       2
       1
       1
       0
       2
       3
       5
       3
       0
       1
       1
       3
       5
       4
       0
       4
       1
       1
       1
       3
       1
       1
       0
       4
       0
       4
       4
       1
       0
       1
       0
       1
       1
       2
       0
       1
       0
       0
       1
       1
       0
       0
       0
       1
       0
       4
       0
       1
       3
       2
       3
       0
       2
       3
       1
       0
       2
       1
       2
       1
       0
       1
       0
       1
       3
       0
       2
       5
       2
       0
       1
       2
       1
       0
       0
       2
       0
       1
       0
       2
       1
       2
       0
       0
       2
       2
       1
       1
       0
       3
       0
       2
       1
       0
       0
       1
       1
       1
       2
       0
       3
       2
       0
       1
       2
       2
       1
       3
       1
       1
       0
       1
       1
       2
       0
       2
       3
       1
       1
       1
       3
       5
       1
       3
       0
       2
       0
       1
       0
       2
       1
       2
       2
       0
       2
       0
       2
       2
       1
       1
       0
       2
       4
       2
       0
       2
       0
       0
       0
       1
       1
       4
       1
       1
       2
       2
       1
       0
       1
       1
       4
       0
       2
       0
       1
       1
       0
       1
       3
       2
       1
       2
       0
       0
       2
       0
       0
       2
       1
       0
       0
       0
       1
       1
       0
       2
       2
       0
       2
       2
       0
       2
       0
       0
       2
       2
       1
       1
       1
       1
       1
       1
       1
       0
       2
       0
       0
       2
       0
       0
       0
       2
       1
       1
       0
       0
       0
       2
       0
       1
       0
       1
       1
       1
       2
       0
       0
       0
       0
       0
       1
       2
       0
       2
       1
       0
       0
       0
       0
       0
       0
       1
       0
       3
       0
       0
       0
       2
       2
       0
       0
       4
       0
       1
       0
       2
       1
       0
       3
       0
       2
       1
       0
       0
       0
       0
       3
       0
       0
       1
       2
       0
       0
       2
       1
       1
       1
       0
       1
       0
       2
       0
       1
       0
       2
       2
       1
       1
       2
       1
       1
       0
       0
       1
       2
       0
       0
       0
       0
       1
       2
       0
       1
       0
       1
       0
       3
       1
       2
       2
       1
       1
       2
       1
       0
       0
       2
       0
       2
       1
       1
       0
       1
       1
       2
       0
       0
       2
       0
       1
       1
       1
       0
       1
       0
       0
       0
       0
       2
       0
       1
       2
       1
       5
       1
       0
       0
       2
       1
       1
       0
       1
       2
       0
       2
       0
       0
       2
       1
       1
       0
       2
       1
       0
       0
       1
       4
       1
       1
       0
       1
       1
       1
       1
       0
       1
       1
       0
       3
       1
       0
       0
       1
       3
       0
       1
       2
       2
       1
       1
       1
       2
       0
       0
       0
       1
       0
       0
       1
       1
       0
       1
       0
       1
       1
       0
       3
       0
       1
       1
       2
       0
       2
       1
       2
       1
       1
       1
       2
       1
       1
       1
       0
       1
       2
       2
       1
       0
       0
       1
       1
       0
       1
       0
       1
       1
       3
       1
       3
       0
       1
       3
       2
       0
       1
       0
       1
       1
       2
       1
       3
       0
       1
       2
       4
       2
       1
       1
       1
       1
       1
       2
       0
       2
       2
       0
       2
       0
       0
       0
       3
       4
       1
       4
       1
       2
       2
       0
       1
       1
       3
       0
       1
       1
       2
       0
       0
       1
       1
       2
       4
       0
       0
       0
       0
       2
       1
       0
       1
       1
       3
       0
       1
       1
       2
       0
       1
       2
       0
       0
       0
       0
       1
       0
       0
       1
       0
       2
       0
       1
       0
       3
       1
       1
       2
       1
       0
       1
       1
       0
       1
       1
       0
       0
       1
       2
       1
       1
       1
       0
       1
       2
       1
       0
       1
       1
       1
       0
       0
       0
       0
       3
       0
       0
       1
       0
       0
       0
       0
       0
       0
       0
       0
       0
       0
       0
       1
       0
       0
       0
       0
       0
       0
       0
       0
       0
       0
       0
       0
       0
       0
       0
       0
       0
       0
       0
       0
       0
       0
       0
       0
       0
       0
       0
       0
       0
       0
       0
       0
       0
       0
       0
       0
       0
       0
       0
       0
       0
       0
       0
       0
       0
       0
       0
       0
       0
       0
       0
       0
       0
       0
       0
       0
       0
       0
       0
       0
       0
       0
       0
       0
       0
       0
       0
       0
       0
       0
       0
       0
       0
       0
       0
       0
       0
       0
       0
       0
       0
       0
       0
       0
       0
       0
       0
       0
       0
       0
       0
       0
       0
       0
       0
       0
       0
       0
       0
       0
       0
       0
       0
       0
       0
       0
       0
       0
       0
       0
       0
       0
       0
       0
       0
       0
       0
       0
       0
       0
       0
       0
       0
       0
       0
       0
       0
       0
       0
       0
       0
       0
       0
       0
       0
       0
       0
       0
       0
       0
       0
       0
       0
       0
       0
       0
       0
       0
       0
       0
       0
       0
       0
       0
       0
       0
       0
       0
       0
       0
       0
       0
       0
       0
       0
       0
       0
       0
       0
       0
       0
