$SPEC_ID:
No sample description was entered.
$SPEC_REM:
DET# 1
DETDESC# FP-COMPTON2 MCB 129
AP# Maestro Version 7.01
$DATE_MEA:
12/12/2024 11:43:29
$MEAS_TIM:
462 470
$DATA:
0 2047
       0
       0
       0
       0
       0
       0
       0
       0
       0
       0
       1
       28551
       1833
       315
       409
       404
       465
       565
       638
       810
       913
       999
       1556
       855
       746
       660
       578
       448
       419
       343
       302
       288
       274
       271
       256
       251
       237
       224
       229
       237
       277
       234
       251
       257
       279
       265
       252
       252
       281
       284
       266
       298
       273
       279
       294
       304
       319
       329
       342
       333
       281
       327
       346
       324
       316
       350
       324
       337
       324
       324
       304
       360
       341
       368
       383
       350
       377
       360
       373
       380
       380
       394
       393
       424
       391
       427
       411
       395
       447
       437
       409
       402
       380
       456
       420
       447
       439
       416
       441
       456
       466
       528
       497
       443
       473
       499
       487
       472
       536
       509
       540
       519
       585
       504
       553
       590
       580
       583
       547
       583
       567
       597
       602
       563
       599
       617
       628
       598
       655
       596
       649
       605
       627
       658
       655
       662
       692
       670
       701
       672
       679
       727
       744
       647
       733
       721
       710
       699
       718
       756
       755
       718
       737
       731
       740
       729
       742
       771
       743
       717
       737
       766
       804
       781
       763
       745
       732
       777
       776
       711
       761
       763
       731
       749
       766
       735
       751
       812
       807
       791
       810
       770
       782
       847
       755
       784
       791
       769
       800
       810
       802
       769
       773
       791
       762
       807
       820
       863
       784
       802
       813
       811
       805
       768
       870
       812
       816
       793
       818
       797
       773
       834
       820
       815
       822
       837
       828
       807
       786
       817
       854
       834
       821
       779
       869
       844
       861
       881
       873
       830
       785
       886
       830
       817
       902
       832
       804
       856
       824
       875
       812
       821
       852
       827
       805
       911
       866
       870
       873
       823
       873
       836
       883
       849
       845
       901
       915
       870
       887
       855
       795
       930
       847
       847
       842
       814
       872
       868
       805
       815
       867
       871
       893
       903
       872
       900
       845
       864
       861
       862
       893
       882
       881
       902
       910
       894
       932
       935
       858
       883
       936
       942
       909
       925
       944
       949
       945
       924
       903
       963
       1027
       934
       960
       973
       973
       952
       997
       953
       970
       967
       965
       938
       948
       982
       976
       980
       960
       976
       951
       944
       1001
       1009
       993
       994
       1001
       983
       1061
       1055
       998
       1035
       970
       1019
       1005
       1043
       988
       975
       1044
       964
       1023
       951
       1020
       991
       997
       1014
       1027
       1077
       1025
       1051
       998
       1075
       1039
       1003
       1040
       1037
       1046
       1015
       1015
       938
       1047
       1049
       1043
       1059
       1072
       935
       994
       1058
       988
       1086
       1023
       1036
       1045
       1001
       1066
       1043
       1038
       1061
       1018
       1079
       1105
       1010
       1065
       979
       1049
       999
       1040
       1000
       1022
       1007
       997
       988
       1022
       1013
       962
       993
       1022
       1054
       996
       960
       1021
       1027
       1053
       1031
       1042
       998
       1019
       995
       980
       1010
       1023
       965
       993
       1000
       1008
       962
       1034
       1023
       962
       965
       997
       988
       1040
       938
       1051
       927
       978
       959
       962
       994
       952
       958
       951
       981
       1018
       950
       996
       911
       946
       1010
       965
       952
       980
       933
       953
       929
       990
       920
       967
       953
       927
       936
       948
       953
       926
       985
       895
       920
       921
       895
       884
       893
       950
       902
       964
       905
       921
       947
       960
       909
       950
       949
       942
       951
       892
       922
       899
       907
       909
       959
       916
       886
       946
       936
       917
       941
       886
       938
       901
       918
       915
       931
       895
       917
       908
       892
       959
       922
       917
       952
       936
       847
       954
       877
       876
       848
       923
       956
       881
       948
       824
       935
       957
       864
       859
       853
       891
       881
       886
       916
       929
       869
       888
       921
       901
       870
       881
       886
       895
       881
       909
       861
       923
       919
       875
       883
       895
       905
       896
       856
       916
       804
       822
       895
       865
       889
       902
       827
       875
       889
       846
       876
       860
       903
       862
       848
       841
       847
       866
       857
       861
       844
       879
       832
       896
       855
       845
       900
       860
       814
       898
       821
       883
       827
       903
       847
       885
       858
       885
       851
       846
       861
       844
       892
       832
       868
       901
       806
       874
       876
       896
       859
       832
       878
       843
       886
       876
       862
       879
       774
       866
       821
       833
       870
       848
       852
       813
       861
       772
       864
       883
       811
       806
       856
       862
       894
       838
       896
       796
       828
       850
       815
       867
       895
       826
       863
       850
       849
       817
       814
       864
       832
       810
       852
       857
       867
       837
       846
       807
       793
       858
       765
       851
       831
       882
       812
       799
       850
       865
       849
       832
       851
       776
       853
       805
       877
       838
       845
       848
       861
       876
       803
       848
       800
       843
       780
       812
       793
       787
       854
       826
       846
       804
       839
       846
       816
       870
       804
       805
       818
       831
       861
       858
       910
       839
       839
       829
       788
       798
       824
       882
       796
       857
       815
       842
       860
       852
       835
       847
       795
       792
       836
       871
       828
       840
       834
       825
       821
       781
       816
       850
       857
       833
       829
       813
       799
       832
       859
       802
       738
       813
       843
       834
       828
       868
       820
       928
       855
       809
       857
       852
       828
       826
       813
       853
       853
       829
       793
       854
       883
       868
       833
       875
       822
       824
       819
       789
       886
       849
       844
       866
       838
       797
       815
       869
       811
       795
       840
       747
       806
       882
       885
       834
       800
       872
       849
       790
       822
       833
       828
       797
       905
       872
       864
       819
       848
       855
       838
       812
       815
       796
       871
       838
       854
       887
       799
       923
       867
       849
       829
       860
       843
       865
       851
       849
       855
       834
       817
       897
       836
       898
       829
       856
       792
       830
       829
       842
       873
       762
       798
       835
       845
       841
       877
       829
       847
       850
       809
       761
       852
       905
       893
       833
       838
       826
       887
       872
       827
       873
       793
       913
       809
       835
       926
       892
       879
       866
       901
       885
       827
       865
       856
       870
       880
       882
       850
       903
       854
       857
       894
       844
       903
       814
       899
       917
       832
       871
       837
       875
       901
       928
       914
       897
       879
       965
       823
       878
       872
       883
       950
       900
       912
       871
       875
       824
       894
       822
       861
       891
       851
       889
       929
       882
       797
       894
       904
       895
       863
       928
       856
       846
       885
       895
       934
       902
       924
       923
       831
       906
       864
       923
       966
       934
       900
       935
       857
       968
       907
       890
       929
       923
       885
       940
       906
       953
       898
       929
       901
       953
       964
       895
       933
       941
       867
       953
       922
       871
       915
       964
       947
       921
       905
       939
       929
       934
       913
       955
       991
       939
       946
       862
       940
       928
       1023
       952
       987
       868
       916
       905
       962
       938
       894
       967
       942
       917
       900
       983
       955
       956
       869
       920
       981
       961
       1007
       966
       951
       977
       963
       962
       972
       997
       1007
       963
       996
       940
       952
       984
       959
       943
       981
       963
       945
       991
       992
       966
       999
       1024
       1000
       938
       963
       1028
       973
       946
       946
       976
       950
       967
       983
       983
       1018
       981
       1009
       1018
       1042
       1091
       1001
       1056
       977
       1024
       978
       984
       999
       987
       954
       998
       988
       1028
       1064
       1008
       962
       947
       994
       1019
       1003
       1024
       1024
       1025
       959
       975
       1008
       1002
       990
       1006
       1022
       1007
       964
       959
       1049
       992
       1005
       1016
       1025
       1058
       1007
       1027
       953
       1048
       1005
       955
       999
       1027
       1025
       1064
       962
       1051
       1007
       986
       1007
       980
       977
       1009
       1047
       1010
       980
       1041
       1030
       1065
       982
       1012
       1037
       981
       961
       1009
       992
       1005
       1027
       993
       962
       1019
       999
       964
       1004
       978
       920
       966
       989
       894
       983
       977
       966
       957
       996
       950
       972
       935
       940
       967
       979
       937
       983
       901
       942
       945
       971
       943
       962
       922
       920
       1033
       892
       913
       957
       972
       988
       897
       976
       911
       871
       918
       933
       897
       924
       917
       921
       891
       966
       927
       873
       956
       941
       948
       896
       882
       819
       895
       929
       904
       931
       876
       890
       908
       901
       876
       843
       883
       896
       864
       874
       864
       834
       881
       782
       810
       841
       869
       856
       867
       910
       880
       857
       811
       838
       830
       851
       849
       853
       866
       834
       825
       823
       867
       809
       794
       813
       804
       797
       844
       835
       769
       792
       857
       804
       786
       822
       850
       802
       761
       879
       805
       751
       808
       826
       767
       847
       802
       764
       769
       872
       749
       818
       768
       791
       791
       734
       806
       774
       762
       815
       775
       778
       772
       800
       835
       831
       745
       794
       756
       805
       754
       835
       816
       759
       771
       819
       827
       775
       793
       761
       731
       780
       793
       761
       763
       793
       772
       776
       755
       785
       764
       765
       798
       779
       794
       778
       842
       779
       779
       762
       852
       816
       782
       809
       859
       797
       793
       805
       799
       809
       799
       821
       830
       829
       852
       839
       792
       864
       787
       786
       865
       802
       860
       851
       822
       842
       867
       819
       835
       906
       828
       829
       792
       808
       864
       834
       877
       862
       823
       861
       831
       834
       835
       852
       861
       924
       854
       836
       951
       833
       950
       908
       876
       888
       911
       862
       917
       927
       879
       872
       929
       951
       894
       897
       942
       911
       942
       939
       976
       970
       978
       923
       880
       935
       962
       956
       929
       986
       990
       870
       923
       958
       1008
       953
       986
       954
       822
       918
       985
       949
       962
       968
       965
       984
       919
       948
       934
       938
       975
       934
       987
       951
       954
       931
       939
       928
       982
       933
       996
       983
       994
       962
       935
       988
       985
       913
       939
       976
       915
       940
       968
       913
       946
       878
       922
       919
       960
       948
       958
       966
       952
       1000
       943
       975
       983
       929
       885
       971
       889
       921
       924
       958
       905
       879
       921
       883
       936
       948
       945
       904
       929
       863
       890
       898
       847
       896
       909
       914
       851
       869
       889
       868
       900
       955
       872
       853
       860
       886
       878
       913
       834
       889
       849
       854
       824
       867
       866
       896
       816
       885
       856
       859
       824
       832
       849
       839
       764
       865
       857
       834
       793
       832
       827
       825
       820
       784
       782
       772
       832
       799
       849
       808
       812
       808
       802
       837
       791
       848
       859
       785
       839
       823
       865
       824
       817
       820
       807
       778
       838
       763
       806
       830
       777
       822
       793
       776
       830
       813
       807
       813
       799
       790
       795
       794
       788
       815
       769
       757
       815
       796
       827
       797
       767
       762
       814
       808
       786
       778
       758
       772
       759
       736
       788
       794
       784
       785
       784
       810
       791
       731
       743
       764
       761
       746
       786
       762
       789
       769
       743
       783
       752
       843
       802
       772
       750
       722
       758
       702
       750
       751
       762
       749
       713
       751
       745
       748
       769
       798
       761
       721
       733
       761
       725
       702
       667
       682
       723
       705
       767
       712
       695
       671
       704
       713
       682
       676
       675
       695
       664
       647
       735
       664
       666
       668
       657
       625
       658
       684
       628
       630
       634
       583
       627
       594
       614
       588
       624
       611
       626
       591
       612
       600
       606
       623
       626
       578
       569
       609
       575
       588
       592
       569
       570
       582
       540
       572
       551
       571
       536
       588
       512
       521
       539
       548
       528
       561
       497
       525
       491
       495
       539
       442
       453
       473
       446
       465
       477
       482
       500
       435
       455
       464
       434
       493
       442
       432
       417
       417
       390
       419
       447
       377
       427
       412
       420
       356
       411
       395
       408
       360
       393
       396
       410
       358
       393
       355
       383
       360
       380
       355
       356
       353
       357
       382
       383
       353
       384
       360
       359
       367
       347
       319
       325
       300
       327
       324
       320
       335
       302
       332
       277
       292
       313
       284
       316
       287
       307
       287
       310
       310
       299
       296
       283
       284
       275
       279
       270
       272
       293
       282
       273
       286
       313
       260
       280
       279
       245
       273
       278
       255
       269
       288
       250
       249
       280
       248
       251
       241
       248
       232
       261
       236
       251
       280
       260
       259
       254
       264
       227
       231
       233
       224
       247
       208
       234
       251
       233
       246
       251
       221
       207
       223
       189
       215
       199
       221
       161
       221
       202
       212
       197
       201
       211
       195
       209
       197
       186
       181
       202
       223
       194
       179
       191
       203
       172
       196
       189
       210
       147
       165
       185
       207
       173
       179
       168
       178
       173
       186
       176
       151
       176
       178
       182
       170
       187
       175
       167
       179
       182
       190
       168
       190
       174
       161
       193
       175
       157
       170
       140
       177
       151
       172
       166
       153
       153
       139
       169
       154
       135
       134
       146
       159
       144
       127
       145
       151
       135
       131
       144
       137
       132
       143
       139
       118
       124
       142
       149
       132
       119
       104
       119
       94
       127
       137
       128
       142
       102
       128
       129
       145
       141
       122
       132
       134
       130
       133
       137
       161
       146
       134
       127
       126
       125
       159
       143
       124
       149
       126
       145
       142
       113
       163
       138
       136
       144
       145
       159
       170
       134
       134
       127
       151
       145
       132
       105
       162
       129
       121
       127
       133
       150
       118
       130
       140
       128
       130
       103
       114
       108
       132
       124
       117
       115
       118
       132
       112
       103
       107
       122
       124
       122
       99
       97
       96
       101
       94
       113
       95
       110
       99
       101
       114
       98
       93
       110
       111
       101
       110
       102
       96
       105
       113
       115
       93
       107
       102
       87
       101
       103
       87
       99
       86
       100
       102
       80
       87
       107
       108
       96
       123
       96
       114
       104
       119
       115
       89
       88
       99
       86
       103
       85
       93
       76
       80
       83
       68
       97
       95
       84
       81
       89
       75
       92
       78
       94
       82
       93
       78
       91
       78
       80
       71
       70
       85
       72
       74
       78
       76
       81
       85
       79
       88
       74
       85
       81
       71
       77
       64
       93
       81
       74
       80
       81
       78
       83
       59
       57
       82
       73
       75
       63
       77
       48
       76
       63
       51
       50
       69
       62
       56
       73
       46
       50
       58
       67
       68
       49
       59
       48
       38
       51
       55
       62
       52
       49
       46
       50
       48
       42
       49
       0
       0
       0
       0
       0
       0
       0
       0
       0
       0
       0
       0
       0
       0
       0
       0
       0
       0
       0
       0
       0
       0
       0
       0
       0
       0
       0
       0
       0
       0
       0
       0
