$SPEC_ID:
No sample description was entered.
$SPEC_REM:
DET# 1
DETDESC# FP-COMPTON2 MCB 129
AP# Maestro Version 7.01
$DATE_MEA:
12/12/2024 11:43:29
$MEAS_TIM:
254 269
$DATA:
0 2047
       0
       0
       0
       0
       0
       0
       0
       0
       0
       0
       0
       14223
       1015
       605
       593
       629
       676
       735
       765
       715
       821
       822
       1535
       1154
       1116
       1080
       1111
       1276
       1411
       1421
       1556
       1613
       1739
       1914
       1980
       2039
       2210
       2330
       2434
       2592
       2723
       2850
       2985
       3096
       3273
       3403
       3499
       3617
       3680
       3876
       3884
       3959
       4111
       4312
       4178
       4244
       4442
       4232
       4393
       4328
       4425
       4426
       4388
       4375
       4330
       4309
       4229
       4203
       4262
       4099
       3944
       4096
       3920
       3878
       3868
       3590
       3594
       3477
       3461
       3351
       3226
       3114
       3140
       3106
       2983
       2918
       2783
       2744
       2778
       2573
       2566
       2486
       2450
       2402
       2308
       2309
       2181
       2219
       2263
       2147
       2130
       2124
       2194
       2027
       2022
       2096
       2023
       2060
       1986
       1986
       2006
       1957
       1996
       1979
       2032
       2069
       2000
       2007
       2119
       2135
       2100
       2139
       2198
       2198
       2176
       2144
       2182
       2252
       2207
       2285
       2238
       2302
       2302
       2310
       2486
       2370
       2426
       2478
       2423
       2402
       2392
       2417
       2497
       2498
       2503
       2610
       2539
       2614
       2448
       2586
       2514
       2545
       2529
       2691
       2577
       2599
       2603
       2632
       2620
       2633
       2710
       2703
       2682
       2784
       2642
       2726
       2766
       2633
       2738
       2711
       2708
       2669
       2707
       2728
       2765
       2843
       2832
       2700
       2745
       2742
       2773
       2747
       2816
       2885
       2738
       2757
       2733
       2767
       2713
       2786
       2724
       2879
       2762
       2824
       2731
       2799
       2822
       2790
       2782
       2829
       2701
       2747
       2790
       2782
       2760
       2823
       2872
       2821
       2906
       2856
       2809
       2802
       2692
       2888
       2858
       2887
       2827
       2812
       2822
       2848
       2934
       2831
       2880
       2863
       2807
       2855
       2892
       2833
       2919
       2882
       2815
       2903
       2930
       2963
       2833
       2863
       2858
       2872
       3014
       2919
       2910
       2909
       2997
       2922
       3056
       2952
       2936
       3090
       2974
       3037
       2951
       3072
       3076
       2974
       3067
       2893
       3066
       3062
       3030
       3111
       3115
       3092
       3234
       3224
       3072
       3206
       3130
       3173
       3114
       3116
       3179
       3146
       3136
       3122
       3240
       3131
       3108
       3205
       3176
       3298
       3296
       3273
       3239
       3245
       3308
       3197
       3378
       3250
       3309
       3241
       3292
       3362
       3281
       3380
       3330
       3338
       3359
       3309
       3350
       3318
       3326
       3280
       3299
       3377
       3355
       3398
       3404
       3405
       3408
       3384
       3410
       3348
       3384
       3394
       3493
       3392
       3465
       3479
       3430
       3297
       3463
       3284
       3461
       3259
       3356
       3291
       3323
       3305
       3274
       3388
       3330
       3379
       3295
       3353
       3428
       3308
       3296
       3350
       3290
       3301
       3417
       3274
       3348
       3279
       3268
       3379
       3292
       3292
       3337
       3283
       3289
       3170
       3297
       3302
       3229
       3241
       3332
       3123
       3333
       3304
       3169
       3347
       3187
       3250
       3227
       3330
       3287
       3204
       3104
       3280
       3199
       3192
       3194
       3188
       3103
       3208
       3170
       3191
       3162
       3037
       3165
       3211
       3136
       3132
       3237
       3133
       3034
       3077
       3106
       3245
       3179
       3162
       3118
       3171
       3114
       3253
       3181
       3085
       3140
       3095
       3160
       3128
       3075
       3153
       3132
       3164
       3114
       3075
       3150
       3116
       3145
       3125
       3154
       3088
       3102
       3099
       3159
       3132
       3126
       3049
       3115
       3075
       3088
       3055
       3080
       3068
       3075
       3113
       3121
       3102
       3071
       3193
       3173
       3057
       2984
       3116
       3137
       3154
       3065
       3150
       2963
       3104
       3167
       3125
       3084
       3210
       3148
       3151
       3080
       3110
       3103
       3165
       3109
       3203
       3113
       3168
       3136
       3176
       3054
       3146
       3128
       3251
       3043
       3090
       3242
       3107
       3117
       3041
       3201
       3120
       3179
       3113
       3130
       3194
       3147
       3100
       3139
       3112
       3203
       3126
       3181
       3045
       3189
       3047
       3159
       3127
       3214
       3254
       3250
       3144
       3184
       3132
       3159
       3200
       3099
       3165
       3155
       3151
       3194
       3194
       3126
       3131
       3249
       3254
       3261
       3168
       3168
       3279
       3165
       3075
       3069
       3129
       3138
       3121
       3185
       3117
       3157
       3225
       3069
       3125
       3258
       3222
       3153
       3209
       3108
       3069
       3183
       3142
       3079
       3207
       3157
       2995
       3089
       3107
       3206
       3137
       3093
       3095
       3154
       3091
       3136
       3114
       2980
       2951
       3088
       3040
       2938
       3041
       3098
       2876
       3076
       3032
       2904
       3053
       3001
       2968
       2892
       2868
       2959
       2873
       2932
       2953
       2912
       2692
       2893
       2867
       2780
       2847
       2869
       2802
       2684
       2753
       2738
       2710
       2677
       2736
       2623
       2631
       2544
       2664
       2613
       2637
       2488
       2520
       2532
       2551
       2416
       2466
       2380
       2390
       2335
       2328
       2313
       2300
       2302
       2333
       2201
       2268
       2227
       2156
       2102
       2049
       2107
       2067
       2035
       2080
       2092
       2040
       2004
       1968
       1915
       1942
       1909
       1916
       1967
       1782
       1775
       1892
       1846
       1865
       1724
       1779
       1678
       1722
       1687
       1643
       1639
       1677
       1650
       1669
       1576
       1551
       1560
       1559
       1562
       1527
       1549
       1451
       1427
       1484
       1397
       1408
       1304
       1458
       1427
       1484
       1352
       1344
       1418
       1283
       1348
       1342
       1303
       1378
       1351
       1255
       1352
       1250
       1283
       1283
       1337
       1265
       1235
       1296
       1215
       1164
       1275
       1209
       1242
       1216
       1355
       1270
       1278
       1272
       1286
       1249
       1274
       1282
       1240
       1275
       1299
       1275
       1321
       1344
       1341
       1352
       1333
       1376
       1291
       1378
       1444
       1526
       1422
       1522
       1465
       1483
       1485
       1472
       1614
       1512
       1553
       1616
       1631
       1724
       1703
       1715
       1713
       1668
       1819
       1848
       1891
       1883
       1970
       1940
       2042
       2056
       2033
       2179
       2102
       2139
       2217
       2269
       2378
       2359
       2517
       2447
       2556
       2557
       2604
       2682
       2747
       2645
       2851
       2783
       2932
       2938
       2970
       3046
       3048
       3109
       3224
       3268
       3355
       3331
       3431
       3435
       3543
       3575
       3711
       3774
       3743
       3786
       3866
       3875
       4000
       4072
       4121
       4124
       4296
       4223
       4370
       4359
       4451
       4538
       4484
       4531
       4736
       4739
       4801
       4817
       4981
       4994
       5042
       5173
       5261
       5257
       5146
       5220
       5341
       5501
       5305
       5476
       5415
       5485
       5597
       5729
       5621
       5751
       5807
       5641
       5678
       5920
       5851
       6006
       6025
       6039
       5946
       6041
       6059
       6078
       6056
       6113
       6040
       6140
       6202
       6137
       6194
       6247
       6194
       6238
       6141
       6180
       6296
       6313
       6172
       6059
       6218
       6386
       6130
       6065
       6134
       6160
       6203
       6059
       6005
       5961
       5892
       5900
       5810
       5823
       5781
       5751
       5730
       5815
       5754
       5694
       5739
       5496
       5429
       5508
       5463
       5417
       5354
       5342
       5250
       5260
       5207
       5049
       5247
       5070
       5044
       4865
       4862
       4781
       4862
       4738
       4730
       4666
       4717
       4622
       4495
       4300
       4380
       4359
       4290
       4246
       4251
       4101
       4082
       3942
       3965
       4006
       3925
       3811
       3737
       3770
       3556
       3533
       3660
       3352
       3475
       3337
       3319
       3282
       3279
       3220
       3114
       2975
       3060
       3022
       3025
       2934
       2774
       2831
       2747
       2695
       2723
       2744
       2616
       2566
       2450
       2504
       2450
       2481
       2322
       2257
       2193
       2249
       2161
       2169
       2104
       2123
       1989
       2034
       1978
       1959
       1931
       1851
       1794
       1889
       1908
       1729
       1772
       1717
       1704
       1717
       1661
       1629
       1558
       1646
       1513
       1515
       1490
       1456
       1397
       1353
       1418
       1396
       1417
       1292
       1371
       1306
       1284
       1279
       1286
       1178
       1129
       1168
       1158
       1161
       1170
       1136
       1101
       1098
       1094
       1054
       1011
       1026
       1023
       1024
       1018
       997
       936
       971
       918
       941
       895
       903
       852
       872
       884
       858
       848
       784
       815
       824
       821
       812
       789
       759
       764
       763
       709
       737
       782
       689
       711
       711
       702
       696
       717
       688
       677
       652
       677
       652
       658
       647
       653
       646
       591
       626
       602
       565
       580
       560
       582
       592
       590
       572
       533
       528
       527
       494
       564
       515
       508
       510
       505
       517
       511
       456
       510
       469
       445
       479
       453
       431
       451
       452
       441
       441
       413
       461
       425
       412
       408
       417
       403
       416
       413
       382
       403
       425
       357
       369
       378
       388
       360
       376
       371
       361
       373
       368
       376
       369
       358
       354
       353
       344
       348
       349
       347
       353
       332
       333
       336
       315
       318
       303
       300
       319
       288
       331
       288
       301
       317
       299
       303
       287
       285
       303
       301
       311
       326
       257
       253
       283
       326
       253
       318
       299
       275
       237
       268
       264
       265
       265
       262
       259
       245
       274
       219
       255
       253
       253
       268
       269
       256
       250
       252
       246
       236
       261
       222
       237
       251
       232
       248
       218
       242
       252
       243
       236
       215
       229
       199
       221
       210
       243
       235
       204
       218
       203
       212
       208
       218
       236
       209
       215
       191
       171
       204
       207
       218
       241
       199
       204
       209
       235
       204
       198
       194
       225
       178
       185
       183
       192
       197
       193
       197
       172
       215
       197
       199
       170
       183
       175
       197
       196
       179
       161
       182
       198
       192
       169
       175
       186
       178
       164
       182
       160
       161
       193
       131
       173
       182
       185
       153
       158
       174
       187
       193
       181
       166
       161
       154
       161
       171
       159
       176
       180
       185
       154
       181
       158
       169
       153
       174
       163
       160
       168
       149
       138
       144
       151
       155
       144
       176
       135
       166
       166
       156
       143
       140
       149
       156
       166
       159
       125
       145
       157
       152
       143
       146
       152
       134
       133
       156
       141
       181
       152
       160
       129
       127
       131
       146
       150
       142
       122
       130
       125
       162
       122
       138
       145
       131
       128
       158
       131
       152
       136
       128
       133
       133
       125
       127
       134
       146
       121
       121
       122
       135
       111
       131
       150
       138
       129
       147
       108
       116
       115
       159
       125
       121
       152
       112
       115
       119
       136
       115
       142
       132
       119
       116
       110
       124
       135
       108
       123
       115
       97
       115
       121
       119
       133
       115
       119
       105
       110
       83
       114
       117
       95
       116
       110
       120
       143
       130
       103
       95
       113
       112
       111
       107
       100
       103
       94
       96
       97
       98
       94
       100
       105
       105
       117
       84
       103
       112
       110
       116
       102
       101
       93
       99
       94
       95
       86
       104
       92
       100
       101
       111
       99
       90
       97
       83
       86
       118
       80
       76
       78
       97
       88
       91
       78
       88
       83
       98
       64
       78
       96
       78
       76
       96
       79
       90
       84
       95
       80
       88
       72
       88
       78
       66
       71
       82
       77
       79
       86
       66
       80
       75
       65
       69
       66
       71
       73
       77
       95
       62
       74
       62
       73
       76
       70
       65
       69
       82
       76
       73
       53
       63
       60
       60
       53
       72
       72
       64
       70
       67
       56
       60
       58
       66
       64
       77
       61
       61
       62
       68
       78
       76
       55
       52
       70
       61
       62
       76
       57
       65
       51
       57
       65
       58
       53
       52
       63
       57
       45
       53
       63
       52
       57
       53
       63
       60
       55
       52
       52
       48
       77
       51
       54
       57
       47
       62
       49
       45
       53
       44
       46
       55
       46
       58
       63
       42
       38
       33
       45
       37
       41
       46
       40
       44
       42
       45
       44
       33
       40
       52
       49
       51
       47
       43
       40
       53
       50
       38
       42
       34
       39
       42
       38
       40
       30
       43
       38
       37
       29
       35
       45
       48
       51
       38
       28
       43
       35
       29
       33
       29
       33
       38
       36
       49
       30
       21
       40
       27
       35
       36
       39
       35
       47
       37
       33
       36
       30
       34
       34
       32
       28
       23
       34
       23
       24
       31
       36
       34
       26
       26
       36
       28
       26
       34
       33
       30
       38
       31
       35
       27
       23
       29
       31
       35
       34
       25
       34
       18
       33
       16
       26
       22
       17
       28
       22
       23
       18
       21
       15
       14
       28
       20
       22
       19
       18
       23
       20
       18
       27
       18
       21
       13
       18
       14
       20
       15
       19
       19
       21
       17
       29
       22
       21
       17
       11
       18
       18
       19
       19
       18
       9
       18
       25
       12
       17
       17
       24
       13
       20
       8
       14
       9
       13
       27
       9
       7
       13
       12
       16
       10
       17
       16
       14
       16
       5
       12
       16
       16
       9
       8
       14
       9
       12
       9
       13
       13
       7
       18
       17
       12
       7
       11
       13
       9
       18
       9
       16
       8
       11
       5
       6
       9
       11
       8
       10
       4
       11
       11
       10
       10
       8
       10
       10
       10
       9
       9
       9
       10
       5
       5
       5
       5
       9
       9
       7
       6
       4
       10
       6
       5
       8
       11
       6
       9
       8
       7
       9
       10
       4
       3
       6
       7
       7
       8
       5
       9
       5
       11
       3
       7
       2
       6
       2
       4
       5
       7
       5
       8
       4
       3
       6
       10
       4
       5
       4
       7
       4
       3
       5
       3
       5
       3
       4
       1
       5
       6
       4
       4
       1
       5
       3
       1
       5
       5
       4
       3
       7
       8
       4
       2
       6
       2
       5
       5
       2
       2
       2
       4
       4
       9
       3
       3
       4
       8
       3
       3
       1
       1
       2
       4
       1
       1
       4
       2
       4
       7
       0
       3
       2
       3
       0
       1
       5
       4
       2
       3
       2
       1
       4
       4
       5
       1
       4
       4
       2
       2
       2
       1
       2
       2
       3
       1
       3
       2
       4
       0
       1
       0
       0
       5
       1
       2
       5
       5
       0
       4
       3
       2
       4
       3
       4
       2
       1
       4
       1
       1
       2
       0
       3
       3
       1
       2
       2
       0
       2
       1
       3
       2
       2
       3
       1
       2
       1
       2
       0
       2
       2
       5
       1
       1
       5
       3
       1
       5
       2
       0
       1
       1
       0
       3
       3
       1
       2
       1
       3
       7
       1
       1
       3
       2
       2
       3
       1
       2
       0
       0
       2
       4
       0
       1
       3
       3
       3
       1
       0
       1
       1
       0
       1
       0
       2
       2
       0
       2
       3
       2
       2
       0
       1
       2
       1
       1
       0
       3
       2
       1
       3
       0
       5
       0
       1
       1
       0
       1
       0
       0
       0
       0
       1
       0
       0
       0
       0
       2
       0
       1
       0
       0
       4
       0
       1
       0
       2
       1
       3
       0
       1
       0
       0
       1
       3
       0
       0
       2
       1
       0
       3
       0
       3
       2
       0
       0
       1
       2
       0
       2
       0
       2
       2
       2
       1
       0
       2
       2
       0
       0
       2
       0
       0
       0
       0
       0
       0
       2
       1
       0
       1
       2
       0
       0
       0
       0
       0
       3
       0
       0
       0
       1
       0
       0
       1
       0
       0
       0
       0
       1
       0
       1
       0
       0
       1
       0
       0
       0
       0
       0
       1
       0
       1
       3
       0
       0
       0
       1
       0
       0
       0
       0
       0
       0
       0
       0
       0
       0
       0
       0
       0
       0
       0
       0
       0
       0
       0
       0
       0
       0
       0
       0
       0
       0
       0
       0
       0
       0
       0
       0
       0
