$SPEC_ID:
No sample description was entered.
$SPEC_REM:
DET# 2
DETDESC# FP-COMPTON2 MCB 130
AP# Maestro Version 7.01
$DATE_MEA:
12/12/2024 11:43:25
$MEAS_TIM:
507 515
$DATA:
0 2047
       0
       0
       0
       0
       0
       0
       0
       0
       0
       0
       0
       0
       1
       3
       5
       2
       5
       4
       8
       3
       21
       70
       128
       159
       170
       241
       228
       288
       265
       342
       356
       422
       436
       448
       487
       496
       532
       550
       515
       516
       577
       583
       546
       557
       598
       552
       591
       582
       608
       566
       549
       522
       525
       518
       518
       456
       476
       518
       484
       505
       448
       508
       526
       461
       450
       489
       470
       485
       450
       465
       495
       519
       506
       477
       492
       536
       524
       504
       517
       523
       531
       503
       501
       549
       556
       541
       573
       549
       542
       592
       565
       640
       630
       615
       566
       579
       580
       623
       636
       613
       590
       609
       610
       601
       670
       717
       647
       690
       634
       686
       638
       689
       711
       650
       659
       641
       723
       708
       738
       716
       719
       719
       750
       765
       743
       782
       841
       772
       774
       808
       801
       838
       809
       821
       840
       863
       833
       868
       856
       925
       896
       907
       853
       926
       897
       876
       935
       940
       920
       911
       874
       921
       918
       957
       921
       940
       935
       903
       891
       878
       922
       874
       872
       923
       966
       867
       892
       863
       935
       938
       907
       884
       888
       915
       941
       890
       891
       912
       846
       866
       884
       838
       921
       881
       919
       882
       843
       875
       853
       875
       864
       858
       890
       903
       897
       865
       892
       896
       893
       909
       917
       902
       871
       866
       899
       861
       927
       935
       916
       855
       896
       913
       964
       882
       905
       928
       975
       950
       944
       953
       983
       962
       975
       928
       963
       961
       957
       986
       999
       986
       999
       1060
       974
       949
       1036
       1000
       997
       1103
       1053
       1074
       1033
       1065
       1070
       1071
       1078
       1005
       1043
       1054
       1040
       1078
       1070
       1133
       1107
       1090
       1121
       1085
       1166
       1136
       1123
       1104
       1109
       1177
       1087
       1128
       1171
       1157
       1150
       1181
       1177
       1168
       1158
       1204
       1134
       1207
       1197
       1187
       1260
       1237
       1231
       1187
       1189
       1299
       1268
       1235
       1199
       1228
       1237
       1294
       1293
       1207
       1291
       1221
       1354
       1252
       1312
       1318
       1305
       1252
       1269
       1331
       1285
       1356
       1309
       1244
       1373
       1340
       1238
       1307
       1271
       1265
       1263
       1272
       1247
       1293
       1234
       1278
       1325
       1226
       1303
       1289
       1325
       1270
       1236
       1296
       1294
       1259
       1190
       1272
       1180
       1261
       1215
       1228
       1220
       1151
       1269
       1221
       1258
       1243
       1190
       1191
       1211
       1211
       1235
       1221
       1210
       1212
       1176
       1205
       1164
       1189
       1169
       1181
       1182
       1213
       1209
       1150
       1132
       1225
       1175
       1236
       1241
       1205
       1208
       1194
       1170
       1122
       1136
       1130
       1187
       1170
       1144
       1158
       1108
       1160
       1070
       1112
       1145
       1080
       1074
       1100
       1122
       1084
       1151
       1083
       1125
       1075
       1120
       1083
       983
       1073
       1079
       1086
       1111
       1134
       1121
       1090
       1084
       1117
       1071
       1092
       1066
       1062
       1155
       1108
       1049
       1113
       1052
       1092
       1006
       1032
       1009
       1063
       1093
       1069
       1058
       1048
       987
       1060
       1054
       1009
       1042
       1026
       1053
       1093
       961
       992
       1010
       1026
       1052
       943
       957
       983
       1002
       1002
       898
       982
       974
       1000
       1006
       980
       1028
       987
       994
       954
       874
       1008
       912
       940
       950
       935
       897
       937
       888
       855
       917
       879
       898
       869
       896
       847
       904
       854
       862
       853
       868
       889
       838
       787
       811
       762
       785
       801
       803
       819
       772
       794
       734
       774
       773
       772
       756
       718
       741
       715
       696
       708
       733
       731
       732
       724
       734
       668
       702
       645
       666
       667
       670
       678
       653
       653
       636
       628
       625
       622
       631
       643
       639
       625
       638
       601
       615
       611
       612
       606
       576
       559
       588
       578
       592
       568
       565
       619
       562
       585
       627
       552
       583
       527
       585
       546
       591
       607
       568
       552
       526
       526
       553
       577
       568
       577
       616
       587
       569
       588
       569
       550
       587
       575
       594
       626
       566
       643
       599
       640
       610
       611
       623
       619
       698
       585
       647
       672
       679
       700
       663
       728
       756
       705
       727
       745
       720
       747
       748
       753
       800
       770
       821
       834
       802
       911
       897
       904
       981
       878
       927
       949
       922
       985
       1001
       957
       984
       1127
       1057
       1128
       1057
       1111
       1143
       1118
       1165
       1304
       1277
       1299
       1278
       1328
       1351
       1346
       1416
       1385
       1441
       1440
       1509
       1515
       1535
       1534
       1571
       1735
       1709
       1750
       1798
       1848
       1794
       1887
       1883
       1889
       1937
       1979
       2035
       2040
       2172
       2088
       2065
       2173
       2199
       2306
       2271
       2285
       2272
       2377
       2452
       2450
       2504
       2501
       2624
       2656
       2591
       2684
       2762
       2779
       2761
       2803
       2812
       2861
       2889
       3035
       3073
       3013
       3044
       2975
       2971
       3164
       3096
       3211
       3084
       3043
       3281
       3215
       3210
       3191
       3291
       3266
       3379
       3338
       3298
       3242
       3324
       3249
       3304
       3284
       3312
       3333
       3314
       3384
       3359
       3278
       3297
       3266
       3304
       3312
       3376
       3423
       3281
       3312
       3213
       3206
       3225
       3218
       3180
       3120
       3074
       3009
       3132
       2951
       2997
       2946
       2940
       2926
       2918
       2822
       2845
       2783
       2744
       2710
       2690
       2686
       2647
       2588
       2658
       2543
       2498
       2531
       2348
       2306
       2379
       2312
       2323
       2151
       2175
       2157
       2197
       2056
       2054
       1869
       1941
       1881
       1859
       1883
       1768
       1677
       1735
       1696
       1700
       1564
       1528
       1515
       1510
       1501
       1461
       1366
       1430
       1332
       1320
       1206
       1301
       1188
       1161
       1167
       1084
       1087
       1078
       1065
       1022
       971
       972
       879
       907
       893
       858
       874
       777
       811
       780
       745
       723
       730
       693
       668
       671
       693
       622
       631
       593
       634
       573
       633
       534
       560
       505
       546
       543
       504
       515
       472
       448
       452
       450
       439
       458
       409
       424
       446
       399
       377
       403
       379
       423
       370
       345
       322
       380
       345
       352
       391
       365
       351
       333
       331
       357
       330
       348
       291
       334
       335
       287
       295
       278
       318
       307
       286
       293
       333
       266
       283
       296
       280
       311
       300
       307
       286
       318
       277
       304
       297
       303
       283
       272
       279
       264
       328
       274
       282
       268
       285
       283
       300
       272
       298
       261
       293
       282
       284
       291
       277
       274
       275
       291
       276
       284
       281
       248
       285
       254
       267
       280
       280
       269
       303
       292
       295
       286
       278
       277
       273
       271
       263
       277
       264
       265
       279
       282
       288
       295
       247
       295
       282
       303
       290
       289
       296
       276
       283
       250
       288
       303
       302
       276
       265
       283
       319
       272
       279
       272
       262
       268
       267
       256
       279
       269
       284
       286
       267
       300
       282
       266
       255
       279
       278
       288
       271
       263
       231
       297
       312
       243
       298
       277
       283
       279
       273
       267
       258
       295
       282
       271
       277
       290
       278
       264
       288
       279
       282
       275
       261
       282
       319
       284
       279
       261
       260
       296
       242
       276
       257
       265
       275
       281
       245
       247
       297
       283
       274
       275
       274
       259
       283
       291
       240
       259
       277
       255
       289
       248
       251
       276
       271
       263
       273
       256
       257
       257
       254
       256
       231
       270
       247
       247
       263
       274
       291
       260
       277
       297
       272
       251
       277
       245
       268
       258
       260
       236
       272
       269
       271
       265
       283
       270
       250
       277
       306
       248
       279
       270
       262
       269
       288
       267
       252
       241
       256
       289
       248
       268
       285
       262
       273
       261
       274
       257
       267
       280
       263
       260
       279
       239
       253
       294
       271
       256
       231
       257
       248
       270
       270
       269
       269
       259
       256
       283
       280
       269
       271
       303
       280
       276
       254
       264
       258
       266
       247
       273
       242
       263
       245
       249
       240
       251
       281
       256
       289
       270
       255
       254
       281
       260
       289
       273
       228
       255
       237
       243
       231
       244
       259
       259
       273
       285
       217
       256
       269
       266
       250
       233
       260
       235
       246
       254
       262
       252
       261
       263
       244
       240
       258
       269
       253
       240
       237
       196
       223
       257
       265
       251
       252
       249
       277
       254
       252
       254
       236
       247
       251
       215
       250
       230
       242
       236
       281
       261
       239
       246
       280
       254
       252
       221
       243
       250
       230
       235
       242
       255
       262
       213
       225
       233
       235
       246
       224
       196
       245
       216
       221
       230
       250
       252
       237
       240
       244
       256
       251
       239
       212
       242
       230
       282
       238
       224
       222
       252
       239
       228
       238
       233
       229
       247
       237
       246
       228
       222
       233
       240
       223
       205
       206
       230
       207
       238
       209
       239
       237
       254
       224
       221
       255
       219
       194
       219
       245
       228
       226
       245
       223
       213
       233
       226
       245
       222
       256
       236
       232
       217
       235
       209
       211
       227
       190
       253
       223
       191
       200
       219
       247
       204
       233
       216
       219
       197
       211
       241
       225
       234
       212
       212
       217
       196
       225
       192
       188
       205
       214
       238
       172
       218
       207
       198
       220
       183
       207
       189
       190
       203
       178
       211
       211
       200
       181
       198
       200
       191
       187
       183
       215
       208
       170
       199
       202
       229
       224
       169
       207
       186
       180
       189
       186
       180
       196
       179
       193
       175
       172
       196
       192
       174
       189
       183
       180
       163
       173
       181
       200
       160
       169
       156
       179
       177
       185
       161
       184
       169
       153
       171
       151
       162
       181
       145
       147
       159
       141
       164
       193
       151
       155
       166
       149
       137
       161
       154
       171
       173
       179
       176
       161
       144
       157
       178
       167
       153
       183
       183
       163
       143
       175
       143
       173
       164
       150
       153
       155
       137
       178
       158
       163
       174
       153
       147
       152
       153
       136
       145
       148
       182
       178
       175
       160
       186
       164
       146
       173
       171
       146
       157
       162
       164
       142
       166
       174
       171
       183
       150
       163
       150
       177
       183
       171
       148
       163
       192
       161
       167
       167
       185
       192
       170
       185
       176
       179
       210
       175
       171
       169
       205
       199
       190
       182
       197
       192
       208
       224
       186
       198
       204
       208
       195
       218
       200
       221
       221
       187
       213
       196
       219
       202
       250
       235
       237
       252
       236
       253
       230
       260
       243
       233
       222
       236
       253
       239
       238
       256
       221
       226
       249
       257
       243
       246
       276
       250
       254
       262
       269
       285
       278
       292
       261
       285
       286
       288
       307
       289
       307
       249
       312
       287
       285
       315
       310
       327
       268
       323
       287
       334
       289
       326
       326
       332
       335
       323
       337
       325
       353
       359
       329
       366
       375
       346
       354
       386
       365
       366
       365
       376
       396
       399
       384
       387
       380
       388
       356
       372
       363
       386
       350
       409
       355
       402
       395
       443
       407
       346
       406
       394
       430
       447
       416
       459
       404
       460
       456
       436
       447
       414
       439
       452
       446
       424
       484
       449
       424
       466
       442
       427
       464
       421
       430
       442
       460
       444
       455
       482
       459
       431
       491
       503
       436
       508
       455
       466
       481
       446
       470
       488
       435
       463
       479
       467
       425
       462
       479
       490
       462
       477
       470
       483
       461
       448
       473
       469
       438
       508
       481
       533
       474
       452
       459
       468
       464
       480
       432
       421
       432
       461
       452
       458
       406
       440
       453
       442
       430
       431
       432
       454
       388
       380
       448
       416
       465
       427
       388
       408
       430
       456
       411
       403
       389
       393
       357
       377
       360
       328
       383
       344
       405
       399
       362
       368
       333
       366
       378
       369
       344
       357
       342
       343
       319
       330
       298
       330
       309
       324
       303
       357
       336
       307
       302
       272
       319
       283
       285
       320
       282
       281
       318
       291
       240
       283
       261
       268
       247
       265
       235
       261
       256
       264
       226
       227
       221
       247
       237
       219
       213
       232
       228
       232
       219
       214
       239
       229
       229
       212
       195
       197
       216
       188
       197
       197
       185
       208
       181
       184
       175
       175
       178
       172
       162
       160
       174
       162
       162
       178
       142
       158
       132
       152
       145
       153
       140
       142
       129
       146
       140
       130
       129
       131
       140
       137
       123
       142
       158
       131
       121
       121
       128
       122
       125
       110
       128
       124
       109
       111
       115
       102
       121
       98
       104
       97
       102
       105
       96
       101
       118
       88
       98
       93
       108
       114
       109
       101
       115
       106
       99
       104
       97
       83
       86
       89
       78
       96
       91
       110
       89
       83
       94
       86
       94
       83
       90
       84
       88
       89
       100
       100
       93
       77
       91
       100
       83
       58
       83
       85
       87
       73
       76
       85
       101
       79
       85
       66
       74
       73
       78
       88
       81
       75
       77
       69
       83
       75
       69
       83
       82
       78
       89
       67
       64
       71
       74
       82
       70
       87
       71
       72
       73
       60
       68
       63
       58
       63
       58
       55
       66
       73
       55
       46
       51
       55
       56
       58
       51
       62
       64
       51
       51
       56
       58
       62
       60
       56
       50
       56
       40
       43
       55
       35
       47
       47
       40
       50
       42
       51
       51
       50
       34
       40
       33
       49
       38
       34
       45
       47
       40
       41
       39
       41
       37
       34
       37
       34
       37
       32
       40
       20
       26
       33
       37
       20
       27
       24
       18
       25
       20
       25
       17
       18
       15
       19
       17
       12
       8
       13
       15
       5
       5
       5
       2
       3
       2
       2
       1
       0
       0
       3
       2
       1
       0
       0
       0
       1
       0
       0
       1
       1
       0
       0
       0
       0
       1
       0
       0
       0
       0
       0
       0
       1
       0
       0
       0
       0
       0
       0
       0
       1
       0
       0
       0
       0
       0
       0
       0
       0
       0
       0
       0
       1
       0
       0
       0
       0
       0
       0
       0
       0
       0
       0
       0
       0
       0
       0
       0
       0
       0
       0
       0
       0
       0
       0
       0
       1
       0
       0
       0
       0
       0
       0
       0
       0
       0
       0
       0
       0
       0
       0
       0
       0
       0
       1
       0
       0
       0
       0
       0
       0
       0
       0
       0
       0
       0
       0
       0
       1
       1
       0
       0
       0
       0
       0
       0
       0
       0
       0
       0
       0
       0
       0
       0
       0
       0
       1
       0
       0
       0
       1
       0
       0
       0
       0
       0
       0
       0
       0
       0
       0
       0
       0
       0
       0
       0
       0
       0
       0
       0
       0
       0
       0
       0
       0
       0
       0
       0
       0
       0
       0
       0
       0
       0
       0
       0
       0
       0
       0
       0
       0
