$SPEC_ID:
No sample description was entered.
$SPEC_REM:
DET# 2
DETDESC# FP-COMPTON2 MCB 130
AP# Maestro Version 7.01
$DATE_MEA:
12/12/2024 11:43:25
$MEAS_TIM:
432 439
$DATA:
0 2047
       0
       0
       0
       0
       0
       0
       0
       0
       0
       0
       0
       0
       0
       1
       2
       4
       0
       3
       4
       7
       20
       45
       56
       84
       88
       122
       136
       157
       194
       173
       220
       222
       199
       221
       227
       218
       222
       270
       264
       238
       261
       271
       276
       247
       274
       300
       294
       303
       315
       326
       285
       297
       318
       266
       268
       273
       282
       207
       270
       250
       271
       260
       279
       270
       249
       274
       255
       279
       257
       244
       279
       298
       292
       265
       294
       297
       280
       303
       299
       291
       290
       294
       273
       303
       299
       320
       297
       320
       281
       290
       337
       362
       314
       333
       364
       351
       354
       340
       336
       338
       360
       375
       354
       342
       364
       386
       364
       401
       372
       373
       394
       389
       395
       419
       434
       397
       461
       455
       452
       452
       435
       479
       452
       456
       442
       453
       474
       474
       496
       528
       520
       516
       501
       520
       518
       586
       504
       549
       592
       544
       544
       590
       599
       551
       586
       607
       544
       558
       580
       608
       593
       589
       610
       595
       576
       610
       585
       580
       599
       553
       573
       567
       570
       574
       524
       559
       554
       527
       568
       552
       575
       575
       555
       524
       498
       538
       552
       552
       510
       575
       498
       526
       539
       544
       510
       582
       549
       526
       556
       559
       564
       507
       531
       540
       538
       533
       492
       522
       557
       507
       583
       571
       539
       560
       544
       556
       496
       534
       565
       561
       533
       535
       546
       523
       545
       554
       513
       540
       518
       585
       548
       576
       545
       545
       507
       551
       594
       548
       553
       545
       598
       560
       575
       614
       535
       591
       527
       537
       543
       541
       566
       580
       599
       556
       594
       596
       549
       590
       611
       603
       576
       591
       592
       592
       541
       581
       567
       558
       561
       571
       551
       570
       571
       576
       631
       590
       606
       511
       554
       596
       559
       579
       578
       590
       639
       571
       562
       604
       629
       568
       628
       589
       593
       646
       608
       628
       627
       608
       603
       658
       641
       641
       640
       658
       680
       599
       677
       642
       644
       675
       681
       638
       673
       744
       691
       658
       645
       672
       685
       729
       706
       730
       691
       683
       733
       679
       709
       723
       730
       726
       742
       717
       812
       707
       744
       723
       745
       744
       712
       785
       755
       802
       815
       774
       748
       777
       786
       770
       768
       820
       795
       815
       791
       854
       794
       799
       766
       809
       838
       771
       787
       809
       788
       802
       809
       829
       797
       793
       792
       776
       840
       805
       807
       821
       780
       807
       790
       791
       823
       781
       851
       800
       772
       799
       786
       783
       816
       849
       781
       830
       797
       775
       797
       797
       805
       805
       779
       782
       781
       777
       798
       771
       763
       778
       794
       832
       752
       742
       790
       744
       716
       726
       723
       757
       807
       722
       707
       753
       768
       726
       744
       728
       739
       788
       743
       720
       720
       709
       704
       706
       751
       782
       698
       712
       752
       707
       702
       709
       668
       773
       692
       751
       646
       719
       690
       729
       708
       720
       696
       680
       657
       709
       678
       689
       650
       694
       668
       694
       686
       697
       673
       690
       663
       699
       615
       687
       728
       662
       668
       649
       670
       646
       677
       619
       651
       649
       686
       571
       634
       645
       659
       625
       664
       643
       640
       627
       634
       655
       635
       623
       579
       595
       606
       586
       599
       599
       613
       570
       621
       616
       611
       617
       574
       603
       621
       581
       620
       570
       583
       567
       604
       616
       576
       585
       587
       612
       549
       595
       600
       554
       626
       580
       606
       570
       595
       575
       610
       576
       546
       603
       556
       611
       584
       520
       546
       591
       566
       570
       562
       592
       563
       548
       585
       563
       512
       528
       572
       600
       554
       560
       572
       542
       583
       530
       597
       535
       569
       548
       511
       568
       510
       555
       526
       527
       577
       558
       546
       547
       513
       535
       528
       555
       540
       553
       493
       522
       527
       548
       568
       501
       534
       528
       555
       524
       551
       504
       549
       535
       574
       526
       535
       561
       524
       487
       519
       517
       534
       542
       499
       498
       540
       564
       514
       504
       516
       536
       551
       504
       533
       521
       497
       514
       528
       525
       515
       511
       517
       528
       487
       495
       498
       520
       477
       516
       527
       470
       483
       514
       505
       490
       526
       517
       491
       544
       463
       545
       514
       538
       485
       498
       515
       476
       487
       490
       538
       498
       464
       512
       506
       480
       493
       481
       483
       507
       516
       525
       477
       517
       486
       505
       502
       500
       505
       474
       477
       497
       510
       496
       485
       482
       518
       439
       496
       514
       532
       485
       514
       513
       489
       491
       513
       509
       522
       487
       498
       511
       462
       485
       497
       484
       462
       515
       517
       477
       453
       504
       481
       476
       508
       510
       441
       496
       502
       482
       502
       480
       513
       493
       498
       511
       535
       472
       499
       449
       478
       521
       477
       471
       517
       520
       469
       472
       496
       464
       465
       448
       465
       505
       510
       479
       506
       513
       476
       488
       488
       520
       496
       471
       525
       482
       447
       509
       485
       478
       485
       514
       520
       419
       505
       521
       482
       454
       505
       435
       463
       438
       474
       462
       495
       478
       504
       493
       481
       469
       469
       485
       508
       472
       480
       476
       499
       449
       442
       522
       518
       517
       501
       467
       480
       479
       472
       490
       464
       489
       499
       496
       496
       460
       499
       462
       490
       462
       520
       479
       488
       495
       467
       511
       466
       471
       461
       484
       464
       495
       481
       488
       434
       491
       464
       469
       456
       437
       512
       467
       467
       476
       468
       477
       460
       497
       471
       491
       478
       472
       473
       475
       516
       496
       489
       516
       487
       469
       469
       472
       486
       454
       458
       477
       488
       492
       532
       516
       523
       442
       476
       486
       514
       516
       452
       518
       476
       507
       468
       492
       497
       437
       505
       470
       454
       477
       458
       477
       471
       512
       489
       466
       474
       444
       490
       490
       470
       504
       469
       490
       486
       452
       461
       478
       494
       475
       487
       436
       501
       506
       498
       488
       489
       461
       500
       484
       448
       502
       476
       490
       495
       476
       511
       481
       485
       513
       507
       490
       521
       477
       501
       531
       473
       465
       523
       482
       502
       540
       457
       466
       492
       501
       485
       482
       474
       485
       489
       491
       500
       492
       502
       492
       499
       505
       505
       515
       482
       497
       464
       463
       536
       487
       520
       443
       476
       472
       498
       490
       501
       529
       492
       530
       470
       534
       450
       527
       508
       528
       506
       495
       480
       526
       511
       489
       522
       501
       530
       480
       527
       496
       537
       519
       492
       533
       471
       530
       531
       554
       554
       496
       509
       461
       504
       518
       485
       508
       480
       478
       530
       513
       535
       547
       513
       546
       511
       494
       522
       502
       515
       504
       562
       526
       520
       500
       531
       560
       506
       487
       519
       512
       551
       563
       567
       542
       540
       534
       548
       543
       526
       560
       514
       519
       517
       501
       543
       515
       523
       512
       566
       555
       517
       545
       519
       585
       563
       538
       530
       580
       551
       520
       512
       567
       530
       544
       569
       563
       566
       504
       534
       559
       515
       563
       580
       533
       552
       519
       524
       552
       580
       575
       564
       594
       554
       613
       586
       561
       584
       546
       543
       591
       573
       524
       535
       521
       546
       544
       615
       558
       600
       584
       575
       567
       553
       571
       547
       550
       501
       560
       549
       554
       550
       553
       562
       566
       555
       528
       558
       568
       620
       581
       582
       538
       595
       559
       579
       546
       559
       522
       543
       540
       563
       581
       576
       600
       592
       553
       530
       560
       541
       503
       545
       513
       572
       600
       609
       562
       571
       570
       523
       543
       555
       592
       580
       529
       546
       612
       617
       520
       574
       569
       552
       539
       557
       562
       571
       581
       557
       536
       565
       547
       533
       544
       539
       555
       527
       524
       592
       564
       522
       532
       538
       545
       537
       488
       550
       522
       526
       542
       573
       548
       555
       583
       542
       616
       538
       511
       517
       534
       586
       543
       531
       523
       496
       505
       498
       515
       502
       517
       504
       541
       510
       547
       489
       575
       516
       514
       521
       533
       536
       524
       519
       502
       500
       461
       470
       505
       466
       528
       532
       546
       519
       458
       496
       529
       484
       473
       507
       504
       495
       487
       481
       499
       510
       490
       490
       503
       482
       512
       565
       470
       455
       531
       482
       515
       537
       480
       452
       479
       466
       484
       465
       491
       493
       473
       510
       496
       452
       477
       428
       477
       470
       467
       473
       497
       494
       467
       487
       443
       452
       499
       489
       479
       452
       519
       482
       485
       484
       460
       455
       484
       447
       445
       490
       488
       477
       445
       460
       470
       468
       483
       456
       448
       481
       473
       492
       457
       477
       469
       467
       520
       482
       484
       521
       467
       453
       468
       511
       486
       471
       505
       515
       475
       479
       526
       548
       518
       490
       522
       542
       519
       488
       492
       497
       519
       518
       543
       536
       531
       535
       562
       542
       582
       534
       562
       559
       526
       583
       560
       526
       524
       527
       542
       564
       514
       574
       549
       621
       570
       536
       588
       582
       584
       555
       563
       558
       550
       642
       596
       589
       609
       569
       635
       603
       616
       637
       616
       618
       623
       649
       594
       616
       576
       604
       609
       624
       651
       563
       614
       630
       678
       595
       632
       691
       669
       661
       655
       666
       635
       686
       689
       695
       673
       675
       626
       724
       728
       662
       748
       703
       750
       721
       784
       703
       746
       713
       715
       753
       747
       729
       754
       744
       718
       755
       785
       738
       769
       786
       730
       811
       789
       804
       769
       803
       783
       798
       820
       772
       849
       814
       844
       775
       890
       830
       817
       794
       804
       829
       861
       821
       841
       837
       822
       846
       893
       874
       856
       907
       877
       891
       887
       881
       868
       875
       881
       884
       870
       868
       856
       917
       859
       874
       938
       942
       900
       893
       957
       861
       887
       920
       973
       855
       910
       911
       835
       926
       959
       895
       910
       924
       913
       940
       929
       872
       911
       960
       894
       962
       855
       866
       905
       893
       949
       931
       984
       911
       901
       882
       949
       916
       929
       924
       894
       952
       882
       904
       928
       907
       917
       912
       930
       920
       902
       841
       924
       839
       881
       891
       860
       877
       861
       902
       883
       899
       848
       873
       858
       824
       845
       849
       791
       831
       810
       841
       858
       860
       861
       833
       864
       852
       827
       823
       863
       848
       832
       842
       848
       786
       779
       782
       822
       807
       813
       752
       842
       729
       802
       795
       794
       791
       808
       799
       777
       749
       753
       783
       758
       797
       742
       797
       737
       752
       798
       691
       758
       723
       780
       744
       766
       758
       779
       772
       775
       751
       773
       714
       749
       716
       752
       750
       728
       725
       768
       798
       774
       797
       729
       726
       718
       740
       722
       717
       716
       724
       725
       717
       724
       775
       734
       723
       684
       684
       707
       748
       708
       728
       708
       725
       737
       690
       732
       732
       729
       747
       743
       726
       694
       734
       756
       714
       715
       664
       711
       689
       736
       732
       765
       682
       707
       732
       757
       746
       718
       685
       691
       717
       703
       727
       692
       672
       629
       626
       728
       692
       686
       663
       670
       723
       718
       709
       700
       655
       728
       654
       713
       671
       629
       696
       671
       666
       686
       631
       681
       659
       662
       631
       658
       619
       639
       697
       639
       598
       655
       607
       636
       598
       669
       621
       597
       620
       583
       610
       609
       587
       626
       551
       583
       571
       597
       547
       542
       554
       541
       554
       522
       558
       589
       542
       515
       556
       467
       545
       542
       553
       541
       498
       524
       489
       457
       514
       478
       446
       501
       523
       532
       482
       493
       464
       476
       474
       453
       401
       436
       459
       436
       450
       464
       414
       438
       396
       413
       400
       381
       407
       424
       414
       420
       365
       378
       368
       411
       377
       362
       363
       365
       337
       357
       363
       373
       395
       363
       353
       347
       294
       339
       317
       326
       313
       353
       334
       335
       329
       343
       280
       319
       266
       306
       309
       314
       293
       298
       283
       283
       281
       280
       288
       285
       218
       266
       243
       249
       238
       229
       262
       241
       247
       246
       223
       230
       238
       229
       236
       244
       235
       228
       196
       223
       214
       221
       241
       213
       204
       212
       204
       217
       198
       200
       226
       190
       180
       193
       186
       190
       181
       169
       151
       158
       162
       149
       133
       148
       133
       165
       122
       154
       142
       127
       141
       120
       121
       142
       115
       124
       116
       114
       91
       108
       106
       117
       114
       95
       96
       98
       111
       96
       85
       108
       86
       96
       75
       80
       95
       99
       68
       89
       101
       82
       89
       97
       72
       68
       88
       72
       66
       81
       68
       73
       76
       63
       61
       73
       69
       61
       54
       59
       43
       43
       45
       33
       33
       34
       43
       28
       33
       23
       35
       28
       19
       21
       26
       15
       17
       17
       14
       11
       9
       6
       2
       0
       4
       0
       0
       1
       4
       2
       4
       5
       0
       1
       2
       2
       2
       1
       3
       1
       1
       1
       0
       0
       2
       2
       1
       0
       2
       0
       1
       0
       2
       1
       1
       0
       0
       0
       0
       1
       1
       2
       0
       1
       0
       0
       0
       0
       2
       0
       0
       0
       1
       1
       0
       0
       1
       0
       0
       0
       0
       0
       0
       0
       0
       0
       1
       0
       0
       0
       0
       0
       0
       0
       1
       0
       0
       0
       0
       1
       0
       0
       0
       0
       1
       0
       0
       0
       0
       0
       0
       0
       0
       0
       0
       0
       0
       0
       0
       0
       0
       0
       0
       0
       0
       0
       0
       0
       0
       0
       0
       0
       1
       0
       0
       0
       0
       0
       0
       1
       0
       0
       0
       0
       0
       0
       0
       0
       0
       1
       0
       0
       0
       0
       0
       1
       0
       0
       0
       0
       0
       0
       0
       0
       0
       0
       0
       0
       0
       0
       0
       0
       0
       0
       0
       0
       0
       0
       0
       0
       0
       0
       0
       0
       0
       0
       0
       0
       0
       0
