Kommentar:
Zeit: 05.11.2024	10:36
Startenergie: 10
Endenergie: 1450
Energieschritt: 2
Sensitivity: 100 uV
TC: 300 ms
Phase: Phase: 156
10	2162.8
12	2076.6
14	1957.2
16	2074
18	1740
20	2503
22	4326.4
24	5919.2
26	6931.2
28	7059.4
30	6606.2
32	5816.4
34	5006.2
36	4243.8
38	4015.2
40	4198.4
42	4499.8
44	4808.2
46	5059.4
48	5192.8
50	5237.6
52	5328.2
54	5716.8
56	6320.8
58	7181.4
60	8178
62	9597.2
64	11363.6
66	11080.4
68	6656.6
70	-405.2
72	-5668.8
74	-8537.8
76	-8897.4
78	-7886
80	-6492.6
82	-5111.4
84	-4122.2
86	-3457.4
88	-2858.8
90	-2247.4
92	-1685.4
94	-1184.4
96	-746.8
98	-392.6
100	-96.8
102	128
104	326.8
106	481.8
108	570.4
110	632.8
112	653.2
114	640
116	603.2
118	574.2
120	553
122	533.2
124	503.8
126	469.8
128	449
130	436.2
132	431.6
134	432.6
136	417.6
138	423.2
140	452
142	448.4
144	417
146	407.6
148	410.4
150	399.6
152	389.8
154	383.8
156	380.4
158	381.2
160	385.2
162	393.6
164	390.2
166	374.6
168	367
170	341.6
172	317
174	289.6
176	253
178	235.8
180	211.2
182	166.4
184	155
186	168.4
188	191.6
190	203.8
192	207.4
194	194.4
196	174.6
198	153.2
200	152
202	154.4
204	149.8
206	139.8
208	154.6
210	158.4
212	177.8
214	187.2
216	167.2
218	143.8
220	144.4
222	142.2
224	137.2
226	145.2
228	140.2
230	134.4
232	154.6
234	166.2
236	176.8
238	162.6
240	140.6
242	130.4
244	112.6
246	90.2
248	44.8
250	19.2
252	10.4
254	0.2
256	-19
258	-63.4
260	-106.2
262	-123.4
264	-132.4
266	-125
268	-141.8
270	-208.2
272	-267.4
274	-315.2
276	-327
278	-324.8
280	-306
282	-286.4
284	-254.4
286	-237.6
288	-228.4
290	-215.8
292	-188.8
294	-184.4
296	-212.4
298	-223.4
300	-190
302	-151.2
304	-106.6
306	-107.2
308	-126.8
310	-135.2
312	-138
314	-132.6
316	-106.6
318	-76.2
320	-88.2
322	-110.4
324	-132.2
326	-110.4
328	-94.4
330	-87.8
332	-78.2
334	-85.4
336	-108.2
338	-116.4
340	-104.2
342	-94.8
344	-83.2
346	-75.8
348	-54
350	-35.8
352	-21.2
354	-33.6
356	-43.4
358	-54
360	-67
362	-80
364	-109.4
366	-111.8
368	-87
370	-82.4
372	-92.2
374	-101.2
376	-134.2
378	-151.8
380	-173.2
382	-195.4
384	-209.2
386	-191.2
388	-196
390	-174
392	-148.8
394	-117.6
396	-89.8
398	-86.2
400	-86.2
402	-109.4
404	-126.8
406	-134.6
408	-134.6
410	-102
412	-88.4
414	-69.2
416	-55
418	-61.6
420	-63.6
422	-74.6
424	-64.2
426	-60.4
428	-92.8
430	-122.8
432	-124
434	-141.4
436	-155.8
438	-138.2
440	-124.8
442	-126.2
444	-96.2
446	-53
448	-46.4
450	-52
452	-59.2
454	-42.2
456	-20.4
458	-12.8
460	-27.8
462	-33.4
464	-26.2
466	-6.6
468	-9.2
470	7.6
472	-10.2
474	-20.2
476	1.4
478	4.6
480	-12.4
482	-11.2
484	-22.8
486	-57.8
488	-85
490	-63
492	-57
494	-24.6
496	-22.2
498	-29.2
500	-38
502	-46.4
504	-96.8
506	-145
508	-165
510	-155.8
512	-127.8
514	-93.2
516	-75
518	-52
520	-19.4
522	-5
524	-5.6
526	-12.4
528	-0.2
530	-4.8
532	-31.4
534	-59.6
536	-58.2
538	-55.8
540	-49.2
542	-42.6
544	-1.6
546	15.6
548	1.6
550	-32
552	-25.8
554	-10.4
556	11.8
558	9
560	23
562	13.2
564	-17
566	-25.8
568	-19
570	11.6
572	67.4
574	93.4
576	76
578	52.6
580	60.8
582	48.4
584	66
586	92.4
588	170.2
590	192.8
592	194.8
594	170.6
596	147.4
598	139
600	120.4
602	105.2
604	124.4
606	105.4
608	87
610	66.6
612	68.4
614	74
616	85
618	81.8
620	78.4
622	104.6
624	125.6
626	164.8
628	185.6
630	173.8
632	178
634	179.2
636	182.6
638	200.6
640	231
642	229.4
644	201
646	208.4
648	204.8
650	240.6
652	271
654	272.8
656	228
658	201.8
660	177.2
662	183.6
664	183
666	145.4
668	114.8
670	101.2
672	121.2
674	173.8
676	194.2
678	195.6
680	174.6
682	194.4
684	194.2
686	185.2
688	172.2
690	188.8
692	200.8
694	222.4
696	217.2
698	204.2
700	191.6
702	177.4
704	192.6
706	197.4
708	197.6
710	227.4
712	212.2
714	210.8
716	248.2
718	265.8
720	285
722	304.6
724	305.6
726	304
728	325.8
730	325.8
732	316.4
734	307.2
736	316.4
738	355.8
740	356
742	333
744	335.2
746	332.8
748	346.2
750	339.2
752	351.4
754	373
756	385.6
758	390.4
760	387.4
762	381
764	361.4
766	395
768	393.4
770	361.6
772	322
774	296.8
776	243
778	200.8
780	207.6
782	259.2
784	259.2
786	253.2
788	272
790	313.8
792	352.6
794	367
796	373.8
798	367.8
800	343.4
802	334.8
804	332
806	349.8
808	365.8
810	364.4
812	356.2
814	353.8
816	360.6
818	374.8
820	367.4
822	384.4
824	428.6
826	443.6
828	466.4
830	454.6
832	434.6
834	436.4
836	435.8
838	419.2
840	384.6
842	411
844	459
846	480
848	448.2
850	407.6
852	359.8
854	326.6
856	316.8
858	326.8
860	344.6
862	374.8
864	353.2
866	350
868	352
870	409.8
872	418.4
874	422.2
876	407.8
878	444.4
880	467
882	467.4
884	481.8
886	508.6
888	563.8
890	596.4
892	565.6
894	541.8
896	540
898	525.2
900	526.6
902	516.8
904	484.2
906	434.6
908	378
910	324
912	311
914	278.4
916	284.6
918	307.4
920	331
922	373.2
924	370
926	408.4
928	426.8
930	447.4
932	451.6
934	440.4
936	456.2
938	504.4
940	569.8
942	592.4
944	590.8
946	575.4
948	564.8
950	539.4
952	538.8
954	533.2
956	551.2
958	597.4
960	605.8
962	622.2
964	641.6
966	648.8
968	643.4
970	664.8
972	603.2
974	543
976	530.6
978	520.2
980	540.6
982	559.6
984	560.8
986	622.2
988	695
990	728.8
992	700.6
994	665.8
996	646.8
998	656.6
1000	646.8
1002	595.2
1004	572.2
1006	631.6
1008	672.2
1010	709.2
1012	797.2
1014	858.6
1016	851
1018	819.6
1020	808.4
1022	797
1024	777.6
1026	798.2
1028	812.6
1030	813.8
1032	791.2
1034	781.2
1036	795.6
1038	791
1040	758.8
1042	745.2
1044	762
1046	784.4
1048	808.2
1050	805
1052	824.2
1054	842.8
1056	869.8
1058	881.4
1060	847.8
1062	847.4
1064	878
1066	926.4
1068	987.2
1070	1023.4
1072	1015.4
1074	1020
1076	1011.6
1078	1017.6
1080	1034.4
1082	1056.4
1084	1077.8
1086	1033.6
1088	1013.2
1090	981.4
1092	983.8
1094	1052.2
1096	1107.2
1098	1075
1100	1094
1102	1099.4
1104	1110.6
1106	1134.6
1108	1208.8
1110	1251.8
1112	1282
1114	1316.2
1116	1356.6
1118	1406.2
1120	1433.8
1122	1444.4
1124	1430
1126	1483.2
1128	1486.8
1130	1510.4
1132	1584.4
1134	1626.2
1136	1611.6
1138	1587
1140	1576.6
1142	1559.4
1144	1540.2
1146	1548.8
1148	1556.8
1150	1593
1152	1598.8
1154	1611.8
1156	1647.6
1158	1666.6
1160	1684.4
1162	1731.8
1164	1750
1166	1777.6
1168	1801.8
1170	1818.8
1172	1759
1174	1766.6
1176	1763.8
1178	1759.2
1180	1753.8
1182	1790.8
1184	1767.2
1186	1791.6
1188	1825.6
1190	1802.6
1192	1809.6
1194	1875.6
1196	1959.2
1198	2035.4
1200	2063
1202	2068.8
1204	2104.2
1206	2135.4
1208	2086.8
1210	2112.2
1212	2094
1214	2134.2
1216	2152.2
1218	2170.8
1220	2126.6
1222	2066.2
1224	2085.8
1226	2200.8
1228	2260.2
1230	2311.4
1232	2367.8
1234	2444.8
1236	2545.6
1238	2651.8
1240	2686.4
1242	2643.6
1244	2666.2
1246	2701.2
1248	2758.8
1250	2806.8
1252	2788
1254	2733.6
1256	2632.8
1258	2599.6
1260	2581.8
1262	2634.8
1264	2722.4
1266	2814.2
1268	2847.8
1270	2845
1272	2811.8
1274	2797.4
1276	2783.8
1278	2747.6
1280	2744.8
1282	2696.6
1284	2689
1286	2731
1288	2760.6
1290	2751.4
1292	2720.6
1294	2696.8
1296	2673
1298	2680.2
1300	2689
1302	2688
1304	2660.6
1306	2555.6
1308	2460.2
1310	2392.6
1312	2407.8
1314	2514.6
1316	2589.8
1318	2555.4
1320	2427.2
1322	2226.8
1324	2064.2
1326	2001.6
1328	1982.2
1330	1983.8
1332	2019
1334	2099.4
1336	2147
1338	2086
1340	1966.6
1342	1868.6
1344	1799.6
1346	1821
1348	1942.6
1350	2173.2
1352	2375.4
1354	2397.6
1356	2262
1358	2042
1360	1924.2
1362	1952.8
1364	2008.6
1366	2103.6
1368	2120.2
1370	1808.8
1372	1179.8
1374	470.6
1376	34.2
1378	-135.6
1380	-185.2
1382	-234.6
1384	-316.6
1386	-258.2
1388	-123.4
1390	112.4
1392	284
1394	364
1396	368.4
1398	503.4
1400	800.8
1402	1149
1404	1452
1406	1709.2
1408	1920.2
1410	2095.6
1412	2261
1414	2343.8
1416	2385.2
1418	2405.6
1420	2354.6
1422	2348.6
1424	2386.6
1426	2364.2
1428	2348
1430	2328.4
1432	2352.6
1434	2369.2
1436	2356
1438	2382
1440	2447.2
1442	2465.6
1444	2423.4
1446	2434
1448	2389.2
1450	2349
