# Time (s), Amplitude
1.022000e-02 5.400000e-01
1.042000e-02 4.680000e-01
1.064000e-02 4.400000e-01
1.082000e-02 3.720000e-01
1.104000e-02 3.720000e-01
1.122000e-02 3.160000e-01
1.144000e-02 3.280000e-01
1.184000e-02 2.680000e-01
1.226000e-02 2.280000e-01
1.266000e-02 2.000000e-01
1.306000e-02 1.720000e-01
1.348000e-02 1.520000e-01
1.468000e-02 9.600000e-02
1.508000e-02 8.000000e-02
1.550000e-02 7.200000e-02
1.590000e-02 6.400000e-02
1.696000e-02 4.000000e-02
1.386000e-02 1.280000e-01
1.426000e-02 1.080000e-01
1.630000e-02 5.200000e-02
