$SPEC_ID:
No sample description was entered.
$SPEC_REM:
DET# 1
DETDESC# FP-COMPTON2 MCB 129
AP# Maestro Version 7.01
$DATE_MEA:
12/12/2024 15:49:05
$MEAS_TIM:
1313 1313
$DATA:
0 2047
       0
       0
       0
       0
       0
       0
       0
       0
       0
       0
       0
       0
       5
      52
       3
       3
       4
       3
       3
       1
       1
       2
       3
       2
       1
       1
       1
       5
       3
       1
       2
       2
       0
       2
       6
       2
       1
       1
       1
       1
       2
       2
       0
       3
       2
       2
       1
       3
       2
       1
       2
       4
       3
       3
       1
       2
       0
       3
       0
       4
       3
       4
       3
       4
       2
       3
       1
       0
       2
       2
       2
       1
       1
       6
       2
       2
       6
       4
       5
       2
       4
       3
       3
       8
       3
       5
       0
       8
       3
       2
       6
       3
       4
       6
       4
       3
       5
       1
       4
       3
       6
       6
       5
       4
       3
      10
       4
       4
       6
       6
       3
       5
       6
       2
       5
       3
       1
       5
       5
       3
       5
       7
       7
       7
       2
       3
       3
      10
       5
       7
       4
       4
       5
      10
       6
       9
      10
       8
       3
       8
      10
       5
      10
       9
       8
       7
       7
       8
       9
       7
       6
       6
       6
      11
       8
      12
       9
       8
       9
       9
      10
      15
      12
      11
      12
       7
       7
       9
       8
       7
       4
      10
      11
      16
       8
      15
       8
      17
      14
      17
      13
      11
      14
      17
      12
      11
      24
      18
      10
      12
      19
      13
      13
      13
       7
      17
      18
      20
      19
      14
      22
      21
      16
      18
      21
      18
      21
      30
      17
      22
      20
      13
      28
      21
      18
      24
      22
      12
      31
      22
      15
      24
      34
      26
      16
      28
      27
      29
      26
      23
      23
      26
      24
      26
      31
      27
      26
      31
      38
      35
      35
      26
      27
      27
      26
      20
      34
      29
      25
      35
      19
      31
      27
      25
      19
      27
      25
      21
      22
      29
      20
      25
      22
      21
      20
      20
      20
      22
      25
      20
      16
      21
      14
      12
      19
      24
      20
      24
      13
      26
      21
      20
      14
      24
      11
      26
      24
      18
      20
      18
      17
      14
      19
      21
      12
      19
      17
      14
      13
      18
      13
      16
      12
      20
      12
      14
      16
      13
      19
       9
      15
      11
      11
      11
      13
      14
       9
       3
      13
      10
       9
       7
       7
      11
      12
      12
       8
      14
       3
       8
      11
       9
      10
       9
       8
      14
      12
       7
       6
       6
      10
      10
       4
       9
       6
       6
       6
       9
       7
       7
       8
       0
       7
       6
       4
       7
       6
      14
       9
       7
      11
       5
       7
       6
       7
       8
       9
       9
       6
      10
       7
       6
       7
       9
      10
      11
       5
       6
       4
       9
       5
       4
       3
       4
       6
       5
       6
       2
       9
       5
       5
       4
       7
       6
       9
       1
       7
       8
       4
       4
       3
       7
       5
       6
       2
       7
       1
       5
       4
       6
       2
       2
       8
       3
       5
       7
       6
       8
       5
      10
       4
       3
       3
       5
       4
       8
       4
       6
       5
       6
       7
       2
       6
       4
       7
       3
       5
       4
       2
       4
       2
       1
       4
       4
       5
       4
       5
       3
       3
       3
       2
       3
       4
       3
       7
       3
       2
       5
       3
       0
       5
       1
       7
       4
       2
       1
       1
       3
       2
       4
       5
       4
       2
       5
       3
       3
       3
       4
       3
       5
       3
       3
       6
       6
       4
       4
       4
       5
       2
       4
       2
       4
       4
       1
       6
       7
       4
       5
       2
       4
       3
       6
       2
       3
       6
       0
       5
       0
       3
       1
       0
       2
       1
       3
       5
       6
       0
       6
       2
       2
       3
       4
       2
       2
       3
       2
       1
       1
       4
       2
       4
       2
       3
       2
       2
       4
       2
       3
       1
       5
       2
       5
       1
       2
       2
       4
       5
       1
       2
       4
       3
       2
       0
       3
       3
       2
       5
       3
       2
       2
       1
       1
       2
       4
       2
       4
       2
       1
       2
       3
       2
       2
       1
       5
       0
       3
       3
       2
       7
       1
       3
       3
       3
       2
       5
       1
       2
       1
       3
       2
       4
       4
       4
       3
       5
       6
       7
       3
       2
       4
       0
       1
       3
       1
       2
       5
       2
       4
       3
       4
       5
       5
       4
       5
       3
       7
       2
       3
       5
       7
       5
       1
       6
       5
       5
       3
       0
       2
       1
       4
       4
       4
       5
       1
       3
       7
       0
       4
       3
       1
       4
       1
       3
       4
       2
       2
       2
       3
       4
       2
       3
       1
       0
       3
       6
       2
       3
       0
       1
       5
       2
       2
       1
       1
       2
       2
       1
       1
       0
       2
       1
       3
       4
       2
       2
       3
       2
       4
       5
       1
       4
       3
       2
       0
       2
       2
       1
       3
       2
       2
       3
       2
       1
       3
       2
       1
       1
       2
       3
       0
       3
       1
       1
       5
       3
       2
       2
       3
       3
       2
       4
       2
       0
       1
       0
       2
       1
       1
       0
       0
       0
       1
       2
       2
       3
       0
       0
       1
       0
       0
       1
       1
       2
       3
       1
       1
       2
       1
       1
       0
       3
       0
       0
       0
       1
       0
       0
       1
       3
       1
       0
       0
       1
       0
       0
       0
       0
       1
       1
       2
       0
       0
       0
       0
       1
       1
       0
       0
       0
       0
       1
       1
       1
       0
       1
       0
       0
       1
       0
       0
       1
       0
       0
       0
       0
       1
       0
       0
       0
       0
       0
       0
       0
       0
       0
       0
       0
       0
       0
       0
       0
       0
       0
       0
       0
       0
       0
       0
       0
       0
       0
       0
       0
       0
       0
       0
       0
       0
       0
       0
       0
       0
       0
       0
       0
       0
       0
       0
       0
       0
       0
       0
       0
       0
       0
       0
       0
       0
       0
       0
       0
       0
       0
       0
       0
       0
       0
       0
       0
       0
       0
       0
       0
       0
       0
       0
       0
       0
       0
       0
       0
       0
       0
       0
       0
       0
       0
       0
       0
       0
       0
       0
       0
       0
       0
       0
       0
       0
       0
       0
       0
       0
       0
       0
       0
       0
       0
       0
       0
       0
       0
       0
       0
       0
       0
       0
       0
       0
       0
       0
       0
       0
       0
       0
       0
       0
       0
       0
       0
       0
       0
       0
       0
       0
       0
       0
       0
       0
       0
       0
       0
       0
       0
       0
       0
       0
       0
       0
       0
       0
       0
       0
       0
       0
       0
       0
       0
       0
       0
       0
       0
       0
       0
       0
       0
       0
       0
       0
       0
       0
       0
       0
       0
       0
       0
       0
       0
       0
       0
       0
       0
       0
       0
       0
       0
       0
       0
       0
       0
       0
       0
       0
       0
       0
       0
       0
       0
       0
       0
       0
       0
       0
       0
       0
       0
       0
       0
       0
       0
       0
       0
       0
       0
       0
       0
       0
       0
       0
       0
       0
       0
       0
       0
       0
       0
       0
       0
       0
       0
       0
       0
       0
       0
       0
       0
       0
       0
       0
       0
       0
       0
       0
       0
       0
       0
       0
       0
       0
       0
       0
       0
       0
       0
       0
       0
       0
       0
       0
       0
       0
       0
       0
       0
       0
       0
       0
       0
       0
       0
       0
       0
       0
       0
       0
       0
       0
       0
       0
       0
       0
       0
       0
       0
       0
       0
       0
       0
       0
       0
       0
       0
       0
       0
       0
       0
       0
       0
       0
       0
       0
       0
       0
       0
       0
       0
       0
       0
       0
       0
       0
       0
       0
       0
       0
       0
       0
       0
       0
       0
       0
       0
       0
       0
       0
       0
       0
       0
       0
       0
       0
       0
       0
       0
       0
       0
       0
       0
       0
       0
       0
       0
       0
       0
       0
       0
       0
       0
       0
       0
       0
       0
       0
       0
       0
       0
       0
       0
       0
       0
       0
       0
       0
       0
       0
       0
       0
       0
       0
       0
       0
       0
       0
       0
       0
       0
       0
       0
       0
       0
       0
       0
       0
       0
       0
       0
       0
       0
       0
       0
       0
       0
       0
       0
       0
       0
       0
       0
       0
       0
       0
       0
       0
       0
       0
       0
       0
       0
       0
       0
       0
       0
       0
       0
       0
       0
       0
       0
       0
       0
       0
       0
       0
       0
       0
       0
       0
       0
       0
       0
       0
       0
       0
       0
       0
       0
       0
       0
       0
       0
       0
       0
       0
       0
       0
       0
       0
       0
       0
       0
       0
       0
       0
       0
       0
       0
       0
       0
       0
       0
       0
       0
       0
       0
       0
       0
       0
       0
       0
       0
       0
       0
       0
       0
       0
       0
       0
       0
       0
       0
       0
       0
       0
       0
       0
       0
       0
       0
       0
       0
       0
       0
       0
       0
       0
       0
       0
       0
       0
       0
       0
       0
       0
       0
       0
       0
       0
       0
       0
       0
       0
       0
       0
       0
       0
       0
       0
       0
       0
       0
       0
       0
       0
       0
       0
       0
       0
       0
       0
       0
       0
       0
       0
       0
       0
       0
       0
       0
       0
       0
       0
       0
       0
       0
       0
       0
       0
       0
       0
       0
       0
       0
       0
       0
       0
       0
       0
       0
       0
       0
       0
       0
       0
       0
       0
       0
       0
       0
       0
       0
       0
       0
       0
       0
       0
       0
       0
       0
       0
       0
       0
       0
       0
       0
       0
       0
       0
       0
       0
       0
       0
       0
       0
       0
       0
       0
       0
       0
       0
       0
       0
       0
       0
       0
       0
       0
       0
       0
       0
       0
       0
       0
       0
       0
       0
       0
       0
       0
       0
       0
       0
       0
       0
       0
       0
       0
       0
       0
       0
       0
       0
       0
       0
       0
       0
       0
       0
       0
       0
       0
       0
       0
       0
       0
       0
       0
       0
       0
       0
       0
       0
       0
       0
       0
       0
       0
       0
       0
       0
       0
       0
       0
       0
       0
       0
       0
       0
       0
       0
       0
       0
       0
       0
       0
       0
       0
       0
       0
       0
       0
       0
       0
       0
       0
       0
       0
       0
       0
       0
       0
       0
       0
       0
       0
       0
       0
       0
       0
       0
       0
       0
       0
       0
       0
       0
       0
       0
       0
       0
       0
       0
       0
       0
       0
       0
       0
       0
       0
       0
       0
       0
       0
       0
       0
       0
       0
       0
       0
       0
       0
       0
       0
       0
       0
       0
       0
       0
       0
       0
       0
       0
       0
       0
       0
       0
       0
       0
       0
       0
       0
       0
       0
       0
       0
       0
       0
       0
       0
       0
       0
       0
       0
       0
       0
       0
       0
       0
       0
       0
       0
       0
       0
       0
       0
       0
       0
       0
       0
       0
       0
       0
       0
       0
       0
       0
       0
       0
       0
       0
       0
       0
       0
       0
       0
       0
       0
       0
       0
       0
       0
       0
       0
       0
       0
       0
       0
       0
       0
       0
       0
       0
       0
       0
       0
       0
       0
       0
       0
       0
       0
       0
       0
       0
       0
       0
       0
       0
       0
       0
       0
       0
       0
       0
       0
       0
       0
       0
       0
       0
       0
       0
       0
       0
       0
       0
       0
       0
       0
       0
       0
       0
       0
       0
       0
       0
       0
       0
       0
       0
       0
       0
       0
       0
       0
       0
       0
       0
       0
       0
       0
       0
       0
       0
       0
       0
       0
       0
       0
       0
       0
       0
       0
       0
       0
       0
       0
       0
       0
       0
       0
       0
       0
       0
       0
       0
       0
       0
       0
       0
       0
       0
       0
       0
       0
       0
       0
       0
       0
       0
       0
       0
       0
       0
       0
       0
       0
       0
       0
       0
       0
       0
       0
       0
       0
       0
       0
       0
       0
       0
       0
       0
       0
       0
       0
       0
       0
       0
       0
       0
       0
       0
       0
       0
       0
       0
       0
       0
       0
       0
       0
       0
       0
       0
       0
       0
       0
       0
       0
       0
       0
       0
       0
       0
       0
       0
       0
       0
       0
       0
       0
       0
       0
       0
       0
       0
       0
       0
       0
       0
       0
       0
       0
       0
       0
       0
       0
       0
       0
       0
       0
       0
       0
       0
       0
       0
       0
       0
       0
       0
       0
       0
       0
       0
       0
       0
       0
       0
       0
       0
       0
       0
       0
       0
       0
       0
       0
       0
       0
       0
       0
       0
       0
       0
       0
       0
       0
       0
       0
       0
       0
       0
       0
       0
       0
       0
       0
       0
       0
       0
       0
       0
       0
       0
       0
       0
       0
       0
       0
       0
       0
       0
       0
       0
       0
       0
       0
       0
       0
       0
       0
       0
       0
       0
       0
       0
       0
       0
       0
       0
       0
       0
       0
       0
       0
       0
       0
       0
       0
       0
       0
       0
       0
       0
       0
       0
       0
       0
       0
       0
       0
       0
       0
       0
       0
       0
       0
       0
       0
       0
       0
       0
       0
       0
       0
       0
       0
       0
       0
       0
       0
       0
       0
       0
       0
       0
       0
       0
       0
       0
       0
       0
       0
       0
       0
       0
       0
       0
       0
       0
       0
       0
       0
       0
       0
       0
       0
       0
       0
       0
       0
       0
       0
       0
       0
       0
       0
       0
       0
       0
       0
       0
       0
       0
       0
       0
       0
       0
       0
       0
       0
       0
       0
       0
       0
       0
       0
       0
       0
       0
       0
       0
       0
       0
       0
       0
       0
       0
       0
       0
       0
       0
       0
       0
       0
       0
       0
       0
       0
       0
       0
       0
       0
       0
       0
       0
       0
       0
       0
       0
       0
       0
       0
       0
       0
       0
       0
       0
       0
       0
       0
       0
       0
       0
       0
       0
       0
       0
       0
       0
       0
       0
       0
       0
       0
       0
       0
       0
       0
       0
       0
       0
       0
       0
       0
       0
       0
       0
       0
       0
       0
       0
       0
       0
       0
       0
       0
       0
       0
       0
       0
       0
       0
       0
       0
       0
       0
       0
       0
       0
       0
       0
       0
       0
       0
       0
       0
       0
       0
       0
$ROI:
0
$PRESETS:
None
0
0
$ENER_FIT:
0.000000 0.000000
$MCA_CAL:
3
0.000000E+000 0.000000E+000 0.000000E+000 
$SHAPE_CAL:
3
0.000000E+000 0.000000E+000 0.000000E+000
