# Time (s), Amplitude
2.520000e-02 3.600000e-01
2.540000e-02 3.640000e-01
2.560000e-02 3.280000e-01
2.580000e-02 3.240000e-01
2.600000e-02 3.080000e-01
2.620000e-02 3.000000e-01
2.640000e-02 2.760000e-01
2.660000e-02 2.760000e-01
2.680000e-02 2.520000e-01
2.700000e-02 2.520000e-01
2.720000e-02 2.400000e-01
2.740000e-02 2.320000e-01
2.760000e-02 2.120000e-01
2.780000e-02 2.120000e-01
2.800000e-02 1.960000e-01
2.820000e-02 1.920000e-01
2.840000e-02 1.840000e-01
2.860000e-02 1.760000e-01
2.880000e-02 1.640000e-01
2.900000e-02 1.640000e-01
2.920000e-02 1.520000e-01
2.940000e-02 1.480000e-01
2.960000e-02 1.400000e-01
2.980000e-02 1.320000e-01
3.000000e-02 1.280000e-01
3.020000e-02 1.240000e-01
3.040000e-02 1.200000e-01
3.060000e-02 1.120000e-01
3.080000e-02 1.080000e-01
3.100000e-02 1.000000e-01
3.120000e-02 9.600000e-02
3.140000e-02 9.200000e-02
3.160000e-02 8.800000e-02
3.180000e-02 8.000000e-02
3.200000e-02 7.600000e-02
3.215000e-02 7.200000e-02
3.240000e-02 7.200000e-02
3.260000e-02 6.800000e-02
3.280000e-02 6.400000e-02
3.300000e-02 6.400000e-02
3.320000e-02 6.000000e-02
3.335000e-02 5.600000e-02
3.345000e-02 5.600000e-02
3.360000e-02 5.200000e-02
3.385000e-02 5.200000e-02
3.400000e-02 4.800000e-02
3.425000e-02 4.800000e-02
3.445000e-02 4.800000e-02
3.465000e-02 4.800000e-02
3.485000e-02 4.400000e-02
3.505000e-02 4.400000e-02
3.525000e-02 4.000000e-02
3.545000e-02 4.000000e-02
3.565000e-02 4.000000e-02
3.585000e-02 4.000000e-02
3.625000e-02 3.600000e-02
3.665000e-02 3.600000e-02
3.685000e-02 3.200000e-02
3.705000e-02 3.200000e-02
3.725000e-02 2.800000e-02
3.745000e-02 3.200000e-02
3.765000e-02 2.800000e-02
3.785000e-02 2.800000e-02
3.805000e-02 2.800000e-02
3.825000e-02 2.800000e-02
3.845000e-02 2.800000e-02
3.865000e-02 2.800000e-02
3.925000e-02 2.800000e-02
3.985000e-02 2.400000e-02
4.005000e-02 2.400000e-02
4.025000e-02 2.400000e-02
4.045000e-02 2.400000e-02
4.065000e-02 2.400000e-02
