$SPEC_ID:
No sample description was entered.
$SPEC_REM:
DET# 1
DETDESC# FP-COMPTON2 MCB 129
AP# Maestro Version 7.01
$DATE_MEA:
12/12/2024 11:43:29
$MEAS_TIM:
462 470
$DATA:
0 2047
       0
       0
       0
       0
       0
       0
       0
       0
       0
       0
       1
   28551
    1834
     349
     420
     405
     465
     565
     638
     811
     913
     999
    1557
     856
     746
     662
     578
     448
     420
     344
     303
     289
     275
     272
     257
     251
     238
     224
     229
     239
     277
     234
     251
     257
     281
     265
     252
     254
     281
     284
     266
     299
     273
     279
     296
     305
     319
     331
     342
     334
     281
     327
     346
     324
     316
     350
     324
     338
     325
     324
     304
     360
     341
     370
     383
     351
     377
     360
     375
     380
     380
     394
     394
     426
     392
     428
     412
     395
     448
     438
     410
     404
     380
     456
     420
     447
     439
     416
     441
     457
     466
     529
     497
     444
     474
     500
     487
     472
     536
     510
     541
     519
     585
     505
     553
     591
     580
     583
     548
     583
     567
     600
     604
     563
     599
     617
     628
     600
     655
     596
     650
     606
     629
     659
     657
     662
     692
     670
     701
     673
     679
     730
     745
     647
     734
     722
     710
     701
     718
     756
     757
     718
     738
     732
     740
     731
     742
     773
     743
     717
     737
     768
     804
     782
     764
     746
     733
     779
     777
     712
     762
     765
     733
     749
     767
     736
     751
     813
     807
     791
     812
     771
     783
     849
     755
     784
     792
     770
     801
     812
     804
     771
     775
     791
     763
     808
     820
     864
     784
     804
     816
     815
     806
     768
     871
     814
     817
     793
     819
     799
     773
     834
     820
     816
     822
     837
     829
     809
     787
     820
     854
     837
     822
     780
     871
     846
     862
     881
     875
     830
     786
     887
     833
     817
     902
     833
     805
     856
     824
     876
     813
     824
     854
     828
     805
     911
     866
     872
     873
     823
     874
     837
     883
     850
     845
     901
     916
     870
     888
     855
     795
     930
     847
     848
     846
     814
     874
     870
     805
     817
     867
     872
     893
     903
     874
     900
     846
     865
     864
     864
     893
     883
     883
     902
     912
     894
     932
     936
     860
     884
     936
     942
     910
     925
     947
     949
     945
     924
     905
     964
    1027
     935
     960
     973
     973
     954
     997
     953
     970
     968
     966
     938
     949
     982
     976
     980
     961
     977
     952
     946
    1001
    1011
     993
     994
    1001
     984
    1062
    1056
     999
    1036
     970
    1019
    1005
    1044
     989
     978
    1045
     964
    1023
     951
    1022
     991
     997
    1016
    1027
    1079
    1026
    1051
     998
    1075
    1039
    1005
    1040
    1037
    1046
    1015
    1015
     939
    1048
    1052
    1044
    1059
    1072
     935
     994
    1058
     990
    1086
    1023
    1036
    1046
    1001
    1068
    1044
    1039
    1062
    1019
    1079
    1105
    1011
    1065
     979
    1050
     999
    1040
    1002
    1022
    1007
     997
     988
    1022
    1015
     962
     994
    1022
    1057
     996
     960
    1023
    1028
    1054
    1032
    1042
    1000
    1019
     996
     981
    1011
    1023
     965
     993
    1000
    1008
     962
    1034
    1023
     963
     965
     997
     988
    1041
     938
    1052
     928
     978
     959
     962
     994
     952
     958
     951
     981
    1020
     951
     996
     911
     946
    1010
     966
     953
     980
     933
     953
     930
     990
     921
     967
     953
     927
     936
     952
     953
     928
     985
     895
     920
     922
     896
     887
     893
     951
     904
     964
     905
     922
     948
     961
     911
     951
     949
     942
     951
     893
     922
     899
     907
     909
     959
     916
     887
     946
     936
     918
     941
     886
     938
     901
     918
     916
     931
     895
     918
     908
     892
     959
     922
     917
     954
     936
     847
     956
     879
     876
     848
     923
     956
     881
     948
     826
     936
     957
     866
     859
     853
     891
     881
     886
     916
     930
     869
     889
     921
     901
     870
     881
     886
     896
     881
     910
     861
     923
     919
     875
     884
     896
     906
     896
     856
     916
     804
     824
     895
     867
     890
     902
     827
     875
     889
     846
     876
     861
     903
     863
     848
     842
     848
     866
     858
     861
     845
     879
     833
     896
     855
     845
     900
     860
     814
     898
     821
     883
     828
     903
     847
     885
     858
     885
     851
     846
     862
     844
     892
     832
     868
     902
     806
     874
     877
     898
     860
     832
     878
     843
     886
     876
     862
     879
     774
     866
     821
     834
     870
     848
     852
     813
     862
     772
     864
     883
     811
     807
     857
     862
     894
     839
     896
     796
     828
     850
     815
     867
     896
     826
     863
     850
     850
     817
     815
     864
     832
     810
     852
     859
     867
     837
     846
     807
     793
     858
     765
     852
     832
     882
     813
     799
     851
     866
     850
     832
     851
     776
     853
     806
     877
     838
     845
     848
     861
     876
     804
     849
     800
     843
     780
     813
     793
     788
     854
     827
     846
     805
     840
     846
     816
     871
     804
     805
     818
     831
     861
     858
     910
     839
     840
     829
     788
     798
     824
     882
     798
     857
     815
     842
     861
     852
     835
     848
     795
     792
     836
     871
     828
     840
     834
     825
     822
     781
     816
     850
     857
     833
     829
     814
     799
     832
     860
     804
     738
     813
     843
     834
     828
     868
     820
     928
     855
     809
     857
     852
     828
     826
     814
     853
     853
     830
     793
     854
     883
     868
     833
     875
     822
     825
     819
     791
     886
     849
     844
     866
     838
     798
     815
     869
     811
     796
     840
     747
     806
     882
     885
     834
     800
     872
     849
     790
     823
     833
     828
     797
     905
     872
     864
     819
     848
     855
     838
     812
     815
     796
     872
     838
     854
     887
     799
     923
     867
     849
     829
     860
     843
     865
     851
     849
     855
     835
     817
     897
     836
     898
     829
     856
     792
     830
     830
     842
     873
     762
     798
     835
     846
     841
     877
     830
     847
     850
     809
     761
     852
     905
     893
     833
     838
     826
     887
     872
     827
     873
     793
     913
     809
     835
     927
     892
     879
     866
     901
     885
     828
     865
     856
     870
     880
     882
     850
     903
     855
     857
     894
     844
     903
     814
     899
     917
     833
     871
     838
     875
     901
     928
     914
     898
     880
     965
     823
     879
     872
     883
     950
     900
     912
     871
     875
     824
     894
     822
     861
     891
     851
     889
     929
     882
     797
     894
     904
     895
     863
     928
     856
     846
     885
     895
     934
     902
     924
     923
     831
     906
     864
     923
     966
     934
     900
     935
     857
     968
     907
     891
     929
     923
     885
     940
     906
     953
     898
     929
     901
     953
     965
     895
     933
     941
     867
     953
     922
     871
     915
     964
     947
     921
     905
     939
     929
     934
     913
     956
     991
     939
     946
     862
     940
     928
    1023
     952
     987
     868
     916
     905
     962
     938
     894
     967
     942
     917
     900
     984
     955
     956
     870
     920
     981
     961
    1007
     966
     951
     977
     963
     962
     972
     997
    1007
     963
     996
     940
     953
     984
     959
     943
     982
     963
     945
     991
     992
     966
     999
    1025
    1000
     938
     963
    1028
     973
     946
     946
     976
     950
     967
     984
     983
    1018
     981
    1009
    1018
    1042
    1091
    1001
    1056
     977
    1024
     978
     984
    1000
     987
     954
     998
     988
    1028
    1064
    1008
     962
     947
     994
    1019
    1003
    1024
    1024
    1025
     959
     975
    1008
    1002
     990
    1006
    1022
    1007
     965
     959
    1049
     992
    1005
    1016
    1025
    1058
    1007
    1027
     953
    1048
    1005
     955
     999
    1027
    1025
    1064
     962
    1051
    1007
     986
    1007
     980
     977
    1009
    1047
    1010
     980
    1041
    1030
    1065
     982
    1012
    1038
     981
     961
    1009
     992
    1005
    1027
     993
     962
    1020
     999
     964
    1004
     978
     920
     966
     990
     894
     983
     977
     966
     957
     996
     950
     972
     935
     940
     967
     979
     937
     983
     901
     942
     945
     971
     943
     962
     922
     920
    1033
     892
     913
     957
     972
     988
     897
     976
     911
     871
     918
     933
     897
     924
     917
     921
     891
     966
     927
     873
     956
     941
     948
     897
     882
     819
     895
     929
     904
     931
     877
     890
     908
     901
     876
     843
     883
     896
     864
     874
     865
     834
     881
     782
     810
     841
     869
     856
     867
     910
     880
     857
     811
     838
     830
     851
     849
     853
     866
     834
     825
     823
     867
     809
     794
     813
     804
     797
     844
     835
     769
     793
     857
     804
     786
     822
     850
     802
     761
     879
     805
     751
     808
     826
     767
     847
     802
     764
     769
     872
     749
     818
     768
     791
     791
     734
     806
     774
     763
     815
     775
     779
     772
     800
     835
     831
     745
     794
     756
     806
     754
     836
     816
     759
     771
     819
     827
     775
     793
     761
     731
     780
     793
     761
     763
     793
     772
     776
     755
     785
     764
     765
     798
     779
     795
     778
     842
     779
     779
     762
     852
     816
     782
     809
     859
     797
     793
     805
     799
     809
     799
     821
     830
     829
     853
     839
     792
     864
     787
     786
     865
     802
     860
     851
     822
     842
     867
     819
     835
     907
     828
     829
     792
     808
     864
     834
     878
     862
     824
     861
     831
     835
     835
     852
     861
     924
     854
     836
     952
     833
     950
     908
     876
     888
     911
     862
     917
     927
     879
     872
     929
     951
     894
     897
     942
     911
     942
     939
     976
     970
     978
     923
     880
     935
     962
     956
     929
     986
     990
     870
     923
     958
    1008
     953
     986
     954
     822
     918
     985
     949
     962
     968
     965
     984
     919
     948
     934
     938
     975
     934
     987
     951
     954
     931
     939
     928
     982
     933
     996
     983
     994
     962
     935
     988
     985
     913
     939
     976
     915
     940
     968
     913
     946
     878
     922
     919
     960
     948
     958
     966
     952
    1000
     943
     975
     983
     929
     885
     971
     889
     921
     924
     958
     905
     879
     921
     883
     936
     948
     945
     904
     929
     863
     890
     898
     847
     897
     909
     914
     851
     869
     889
     868
     900
     955
     872
     854
     860
     886
     878
     913
     834
     889
     849
     854
     824
     867
     866
     896
     816
     885
     856
     859
     824
     832
     849
     839
     764
     865
     857
     834
     793
     832
     827
     825
     820
     784
     782
     772
     832
     799
     849
     808
     813
     808
     802
     837
     791
     848
     859
     785
     839
     823
     865
     824
     817
     820
     807
     778
     838
     763
     806
     830
     777
     822
     793
     776
     830
     813
     807
     813
     800
     790
     795
     794
     788
     815
     770
     757
     815
     796
     827
     797
     767
     762
     814
     808
     786
     778
     758
     772
     759
     737
     788
     794
     784
     785
     784
     810
     791
     731
     743
     764
     761
     746
     786
     762
     789
     769
     743
     783
     752
     843
     802
     772
     750
     722
     758
     702
     750
     751
     762
     749
     713
     751
     745
     748
     769
     798
     761
     721
     733
     761
     725
     702
     667
     682
     723
     705
     767
     712
     695
     671
     705
     713
     682
     676
     675
     695
     664
     647
     735
     664
     666
     669
     657
     625
     658
     684
     628
     630
     634
     583
     627
     594
     614
     588
     624
     611
     626
     591
     612
     600
     606
     623
     626
     578
     569
     610
     575
     588
     592
     569
     570
     582
     540
     572
     551
     571
     536
     588
     512
     521
     539
     548
     528
     561
     497
     525
     491
     495
     539
     442
     453
     473
     446
     465
     477
     482
     500
     435
     456
     464
     434
     493
     442
     432
     418
     417
     390
     419
     447
     377
     427
     412
     420
     356
     411
     395
     408
     360
     393
     396
     410
     358
     393
     355
     383
     360
     380
     355
     356
     353
     357
     382
     383
     353
     384
     360
     359
     367
     347
     319
     325
     300
     327
     324
     320
     335
     302
     332
     277
     292
     313
     284
     316
     287
     307
     287
     310
     310
     299
     296
     283
     284
     275
     279
     270
     272
     293
     282
     273
     286
     313
     260
     280
     279
     245
     273
     278
     255
     269
     288
     250
     249
     280
     248
     251
     241
     248
     232
     261
     236
     251
     280
     260
     259
     254
     264
     227
     231
     233
     224
     247
     208
     234
     251
     233
     246
     251
     221
     207
     223
     189
     215
     199
     221
     161
     221
     202
     212
     197
     201
     211
     195
     209
     197
     186
     181
     202
     223
     194
     179
     191
     203
     172
     196
     189
     210
     147
     165
     185
     207
     173
     179
     168
     178
     173
     186
     176
     151
     176
     178
     182
     170
     187
     175
     167
     179
     182
     191
     168
     190
     174
     161
     193
     175
     157
     170
     140
     177
     151
     172
     166
     153
     153
     139
     169
     154
     135
     135
     146
     159
     144
     127
     145
     151
     135
     132
     144
     137
     132
     143
     139
     118
     124
     142
     149
     132
     119
     104
     119
      94
     127
     137
     128
     142
     102
     128
     129
     145
     141
     122
     132
     134
     131
     133
     137
     161
     146
     134
     128
     126
     125
     159
     143
     124
     149
     126
     145
     142
     113
     163
     138
     136
     144
     145
     159
     170
     134
     134
     127
     151
     145
     132
     105
     162
     129
     121
     127
     133
     150
     118
     130
     140
     128
     130
     103
     114
     108
     132
     124
     117
     115
     118
     132
     113
     103
     107
     122
     124
     122
      99
      97
      96
     101
      94
     113
      95
     110
      99
     101
     114
      98
      93
     110
     111
     101
     110
     102
      96
     105
     113
     115
      93
     107
     102
      87
     101
     103
      87
      99
      86
     100
     102
      80
      87
     107
     108
      96
     123
      96
     114
     104
     119
     115
      89
      88
      99
      86
     103
      85
      93
      76
      80
      83
      68
      97
      95
      84
      81
      89
      75
      92
      78
      94
      82
      93
      78
      91
      78
      80
      71
      70
      85
      72
      74
      78
      77
      81
      85
      79
      88
      74
      85
      81
      72
      77
      64
      93
      81
      74
      80
      81
      78
      83
      60
      57
      82
      73
      75
      63
      77
      48
      76
      64
      51
      50
      69
      62
      56
      73
      46
      50
      58
      67
      68
      50
      59
      48
      39
      51
      55
      62
      52
      49
      46
      50
      48
      42
      50
       0
       0
       0
       0
       0
       0
       0
       0
       0
       0
       0
       0
       0
       0
       0
       0
       0
       0
       0
       0
       0
       0
       0
       0
       0
       0
       0
       0
       0
       0
       0
       0
$ROI:
0
$PRESETS:
None
0
0
$ENER_FIT:
0.000000 0.000000
$MCA_CAL:
3
0.000000E+000 0.000000E+000 0.000000E+000 
$SHAPE_CAL:
3
0.000000E+000 0.000000E+000 0.000000E+000
