$SPEC_ID:
No sample description was entered.
$SPEC_REM:
DET# 1
DETDESC# FP-COMPTON2 MCB 129
AP# Maestro Version 7.01
$DATE_MEA:
12/12/2024 17:23:30
$MEAS_TIM:
817 817
$DATA:
0 2047
       0
       0
       0
       0
       0
       0
       0
       0
       0
       0
       0
       2
       6
      22
       1
       2
       3
       3
       2
       4
       0
       1
       4
       1
       1
       2
       3
       1
       0
       2
       2
       2
       2
       0
       6
       2
       1
       1
       1
       1
       1
       0
       0
       1
       0
       2
       0
       0
       1
       1
       2
       2
       1
       1
       2
       1
       0
       1
       0
       3
       2
       0
       2
       1
       1
       1
       2
       0
       3
       0
       2
       2
       0
       2
       1
       0
       2
       1
       4
       4
       1
       2
       1
       1
       4
       4
       1
       2
       3
       3
       2
       1
       1
       0
       2
       3
       3
       3
       1
       0
       0
       2
       2
       1
       2
       1
       2
       3
       2
       1
       0
       1
       2
       2
       3
       1
       1
       6
       2
       1
       3
       0
       1
       2
       2
       2
       4
       3
       1
       3
       3
       3
       2
       3
       4
       0
       3
       1
       3
       4
       4
       1
       2
       2
       3
       6
       3
       2
       3
       2
       3
       1
       4
       3
       3
       2
       4
       2
       0
       1
       3
       7
       3
       3
       6
       1
       2
       3
       3
       5
       3
       4
       3
       4
       2
       5
       1
       3
       3
       5
       3
       2
       3
       2
       4
       2
       3
       0
       3
       5
       3
       6
       2
       5
       5
       2
       1
       6
       7
       3
       3
       1
       1
       2
       5
       0
       4
       6
       7
       3
       3
       3
       0
       4
       3
       5
       3
       5
       3
       6
       6
       4
       3
       5
       4
       4
       3
       2
       5
       5
       2
       1
       2
       3
       5
       2
       3
       4
       2
       3
       5
       4
       3
       6
       5
       5
       7
       5
       6
       6
       6
       7
       6
      13
       8
       5
       4
      10
       5
       4
       9
       4
       7
       6
       7
       4
       7
       7
       4
       7
       3
       8
       4
       5
       6
       7
       9
       5
       7
       7
       9
      10
       7
       7
       9
       8
      10
      10
       5
       6
      10
      10
       9
       6
      12
      18
       7
       5
      11
       6
      14
      11
      10
      15
      12
      11
      15
      18
       8
      13
      17
       6
      15
      10
       8
      11
       9
      21
      14
      19
      11
      11
      17
       8
      14
       9
      14
      17
       8
      14
      12
      11
       6
      18
      13
      12
      19
      12
       9
      11
      15
      10
      17
       8
      12
      13
       8
      13
      10
       6
       9
      10
      11
      10
      18
      11
       6
       6
       9
      12
      12
      12
       6
       9
      12
      11
      10
       7
      11
       8
      14
       8
       6
      10
      10
      11
      12
      12
       7
       7
       8
      12
       8
       8
       5
       5
       5
       6
       8
      15
      10
       8
       6
       6
       9
       5
       6
       6
       6
       9
       6
      10
       5
       6
       4
       9
       5
       3
       4
       5
       4
       4
       6
       5
      10
       7
       5
       8
       1
       4
       2
       3
       3
       3
       7
       7
       3
       7
       3
       5
       1
       4
       1
       4
       5
       6
       9
       6
       5
       4
       3
       2
       5
       4
       0
       1
       5
       6
       5
       6
       3
       2
       2
       3
       4
       4
       0
       5
       2
       5
       3
       3
       2
       0
       1
       1
       3
       3
       1
       2
       5
       1
       2
       2
       2
       1
       0
       1
       2
       4
       3
       1
       1
       2
       2
       1
       3
       3
       3
       1
       2
       1
       1
       3
       2
       4
       2
       2
       0
       5
       3
       6
       1
       1
       1
       1
       3
       2
       5
       3
       0
       0
       2
       0
       4
       1
       0
       1
       2
       1
       3
       2
       1
       1
       2
       3
       1
       1
       2
       1
       0
       3
       4
       1
       2
       3
       3
       4
       0
       2
       0
       1
       0
       2
       1
       0
       0
       1
       0
       1
       4
       2
       3
       2
       2
       3
       2
       1
       0
       1
       2
       0
       1
       2
       1
       1
       3
       0
       1
       0
       1
       2
       1
       2
       2
       1
       2
       4
       3
       4
       1
       4
       2
       1
       2
       3
       3
       3
       4
       2
       2
       4
       3
       2
       1
       1
       0
       4
       2
       1
       2
       7
       1
       6
       2
       3
       1
       6
       2
       2
       2
       3
       1
       1
       2
       2
       5
       5
       4
       6
       3
       2
       3
       2
       3
       4
       6
       5
       4
       1
       5
       2
       1
       2
       3
       3
       6
       4
       3
       5
       4
       4
       5
       3
       5
       0
      10
       5
       3
       4
       4
       4
       3
       1
       8
       1
       1
       5
       3
       5
       3
       5
       5
       2
       6
       2
       2
       3
       2
       7
       4
       2
       2
       4
       3
       3
       5
       5
       4
       5
       4
       2
       4
       3
       7
       4
       3
       1
       4
       3
       2
       2
       5
       3
       4
       0
       5
       5
       3
       4
       6
       2
       3
       2
       6
       3
       1
       2
       3
       2
       4
       2
       4
       3
       0
       1
       3
       1
       5
       0
       2
       4
       2
       0
       4
       0
       0
       2
       4
       1
       2
       1
       4
       1
       0
       1
       5
       2
       2
       4
       2
       1
       2
       3
       2
       0
       0
       1
       1
       2
       1
       1
       2
       3
       1
       1
       1
       2
       0
       2
       0
       1
       1
       2
       0
       2
       0
       1
       0
       2
       0
       0
       3
       1
       1
       2
       3
       2
       0
       0
       3
       0
       1
       1
       1
       0
       1
       1
       1
       1
       1
       1
       1
       0
       1
       1
       0
       1
       1
       1
       2
       3
       2
       0
       0
       1
       1
       1
       0
       1
       0
       1
       1
       2
       0
       0
       0
       1
       1
       1
       2
       0
       1
       0
       0
       0
       1
       2
       1
       2
       0
       0
       0
       2
       0
       2
       1
       1
       0
       0
       1
       0
       0
       1
       0
       1
       0
       0
       0
       1
       3
       0
       3
       2
       0
       1
       0
       0
       1
       0
       2
       1
       1
       0
       0
       0
       0
       0
       0
       1
       0
       0
       1
       1
       1
       0
       0
       0
       1
       1
       0
       1
       0
       0
       0
       2
       2
       2
       0
       1
       1
       0
       0
       0
       0
       1
       1
       1
       0
       0
       1
       1
       0
       0
       1
       0
       0
       2
       1
       1
       2
       0
       0
       0
       0
       2
       0
       0
       0
       0
       0
       1
       0
       1
       2
       2
       0
       2
       0
       1
       1
       4
       0
       1
       2
       1
       0
       0
       0
       0
       1
       3
       1
       2
       0
       1
       2
       2
       1
       0
       0
       3
       2
       4
       3
       1
       1
       1
       0
       4
       0
       1
       1
       4
       1
       1
       3
       0
       1
       4
       0
       2
       1
       1
       2
       0
       2
       1
       0
       1
       0
       4
       0
       0
       1
       1
       0
       0
       1
       1
       2
       1
       2
       1
       1
       0
       2
       1
       1
       0
       1
       1
       0
       2
       1
       2
       0
       3
       0
       2
       0
       0
       0
       1
       1
       2
       0
       1
       2
       2
       1
       0
       0
       1
       1
       1
       2
       3
       0
       1
       0
       1
       0
       2
       0
       0
       0
       1
       2
       2
       1
       1
       0
       2
       4
       0
       3
       0
       0
       1
       0
       0
       2
       2
       1
       1
       2
       0
       0
       2
       0
       1
       0
       0
       1
       2
       2
       2
       1
       2
       1
       1
       3
       1
       0
       1
       0
       1
       0
       3
       3
       1
       0
       0
       2
       1
       0
       1
       1
       1
       0
       0
       0
       0
       0
       0
       1
       2
       1
       1
       2
       0
       1
       1
       0
       1
       1
       1
       0
       1
       0
       1
       0
       1
       3
       0
       0
       0
       0
       2
       0
       0
       0
       0
       0
       1
       1
       0
       1
       1
       0
       0
       0
       0
       0
       0
       0
       1
       0
       0
       0
       0
       0
       0
       1
       0
       0
       0
       0
       0
       0
       0
       0
       0
       0
       1
       0
       1
       1
       0
       0
       0
       0
       0
       1
       0
       0
       0
       0
       1
       0
       0
       1
       0
       1
       0
       1
       1
       0
       2
       0
       1
       0
       0
       0
       0
       0
       0
       0
       0
       0
       0
       0
       0
       0
       0
       0
       0
       0
       0
       0
       0
       2
       0
       0
       0
       1
       0
       0
       0
       0
       0
       0
       0
       0
       2
       1
       0
       0
       0
       0
       1
       0
       0
       0
       0
       0
       1
       0
       0
       1
       0
       0
       0
       1
       1
       0
       1
       0
       0
       0
       0
       0
       0
       0
       0
       0
       0
       0
       0
       0
       0
       0
       0
       0
       0
       0
       0
       0
       0
       0
       0
       0
       0
       0
       0
       0
       0
       0
       0
       0
       0
       0
       0
       0
       0
       0
       0
       0
       0
       1
       0
       0
       0
       0
       0
       0
       0
       0
       0
       1
       0
       0
       0
       0
       0
       0
       0
       0
       0
       0
       0
       0
       0
       0
       0
       0
       0
       0
       0
       0
       0
       0
       0
       0
       0
       1
       0
       0
       0
       0
       0
       0
       0
       0
       0
       0
       0
       0
       0
       0
       0
       0
       0
       0
       0
       1
       0
       1
       0
       0
       0
       0
       0
       0
       0
       0
       0
       0
       0
       0
       0
       0
       0
       0
       0
       0
       0
       0
       0
       0
       0
       0
       0
       0
       0
       0
       0
       0
       0
       0
       0
       0
       0
       0
       0
       0
       0
       0
       0
       0
       0
       0
       0
       0
       0
       0
       0
       0
       0
       0
       0
       0
       0
       0
       0
       0
       0
       0
       0
       0
       0
       0
       0
       0
       0
       0
       0
       0
       0
       0
       0
       0
       0
       1
       1
       0
       0
       0
       0
       0
       0
       0
       0
       0
       0
       0
       0
       0
       0
       0
       0
       0
       1
       0
       0
       0
       0
       0
       0
       0
       1
       0
       0
       0
       0
       1
       0
       0
       0
       0
       0
       0
       0
       0
       0
       0
       0
       0
       0
       0
       0
       1
       0
       0
       0
       0
       0
       0
       0
       0
       0
       0
       0
       0
       0
       0
       0
       0
       0
       0
       0
       0
       0
       0
       0
       0
       0
       0
       0
       0
       0
       0
       0
       0
       0
       0
       0
       0
       0
       0
       0
       0
       0
       0
       0
       0
       0
       0
       0
       0
       0
       0
       0
       0
       0
       0
       0
       0
       0
       0
       0
       0
       0
       0
       0
       0
       0
       1
       0
       0
       0
       0
       0
       0
       0
       0
       0
       0
       0
       0
       0
       0
       0
       0
       0
       0
       0
       0
       0
       0
       0
       0
       0
       0
       0
       0
       0
       0
       0
       0
       0
       0
       0
       0
       0
       0
       0
       0
       0
       0
       0
       0
       0
       0
       0
       0
       0
       0
       0
       0
       0
       0
       0
       0
       0
       0
       0
       0
       0
       0
       0
       0
       0
       0
       0
       0
       0
       0
       0
       0
       0
       0
       0
       0
       0
       0
       0
       0
       0
       0
       0
       0
       0
       0
       0
       0
       0
       0
       0
       0
       0
       0
       1
       0
       0
       0
       0
       0
       0
       0
       0
       0
       0
       0
       0
       0
       0
       0
       0
       0
       0
       0
       0
       0
       0
       0
       0
       0
       0
       0
       0
       0
       0
       0
       0
       0
       0
       0
       0
       0
       0
       0
       0
       0
       0
       0
       0
       0
       0
       0
       0
       0
       0
       0
       0
       0
       0
       0
       0
       0
       0
       0
       0
       0
       0
       0
       0
       0
       0
       0
       0
       0
       0
       0
       0
       0
       0
       0
       0
       0
       0
       0
       0
       0
       0
       0
       0
       0
       0
       0
       0
       0
       0
       0
       0
       0
       0
       0
       0
       0
       0
       0
       0
       0
       0
       0
       0
       0
       0
       0
       0
       0
       0
       0
       0
       0
       0
       0
       0
       0
       0
       0
       0
       0
       0
       0
       0
       0
       0
       0
       0
       0
       0
       0
       0
       0
       0
       0
       0
       0
       0
       0
       0
       0
       0
       0
       0
       0
       0
       0
       0
       0
       0
       0
       0
       0
       0
       0
       0
       0
       0
       0
       0
       0
       0
       0
       0
       0
       0
       0
       0
       0
       0
       0
       0
       0
       0
       0
       0
       0
       0
       0
       0
       0
       0
       0
       0
       0
       0
       0
       0
       0
       0
       0
       0
       0
       0
       0
       0
       0
       0
       0
       0
       0
       0
       0
       0
       0
       0
       0
       0
       0
       0
       0
       0
       0
       0
       0
       0
       0
       0
       0
       0
       0
       0
       0
       0
       0
       0
       0
       0
       0
       0
       0
       0
       0
       0
       0
       0
       0
       0
       0
       0
       0
       0
       0
       0
       0
       0
       0
       0
       0
       0
       0
       0
       0
       0
       0
       0
       0
       0
       0
       0
       0
       0
       0
       0
       0
       0
       0
       0
       0
       0
       0
       0
       0
       0
       0
       0
       0
       0
       0
       0
       0
       0
       0
       0
       0
       0
       0
       0
       0
       0
       0
       0
       0
       0
       0
       0
       0
       0
       0
       0
       0
       0
       0
       0
       0
       0
       0
       0
       0
       0
       0
       0
       0
       0
       0
       0
       0
       0
       0
       0
       0
       0
       0
       0
       0
       0
       0
       0
       0
       0
       0
       0
       0
       0
       0
       0
       0
       0
       0
       0
       0
       0
       0
       0
       0
       0
       0
       0
       0
       0
       0
       0
       0
       0
       0
       0
       0
       0
       0
       0
       0
       0
       0
       0
       0
       0
       0
       0
       0
       0
       0
       0
       0
       0
       0
       0
       0
       0
       0
       0
       0
       0
       0
       0
       0
       0
       0
       0
       0
       0
       0
       0
       0
       0
       0
       0
       0
       0
       0
       0
       0
       0
       0
       0
       0
       0
       0
       0
       0
       0
       0
       0
       0
       0
       0
       0
       0
       0
       0
       0
       0
       0
       0
       0
$ROI:
0
$PRESETS:
None
0
0
$ENER_FIT:
0.000000 0.000000
$MCA_CAL:
3
0.000000E+000 0.000000E+000 0.000000E+000 
$SHAPE_CAL:
3
0.000000E+000 0.000000E+000 0.000000E+000
