Kommentar: 
Zeit: 05.11.2024	10:12
Startenergie: 10
Endenergie: 1450
Energieschritt: 2
Sensitivity: 100 uV
TC: 300 ms
Phase: Phase: 156
10	7154.8
12	6994.4
14	6835.2
16	6729.4
18	5153
20	6391.6
22	9043.4
24	10849.4
26	12592.2
28	12759.6
30	11894.8
32	10516.8
34	8845.8
36	7234.2
38	6089.4
40	4580.6
42	3326.2
44	2277.6
46	1645.4
48	1446.8
50	1669.2
52	2131.2
54	2506.8
56	2566.6
58	2301.4
60	1433
62	-257
64	-2986.2
66	-6724.2
68	-9935.8
70	-11990
72	-13431
74	-14173
76	-13426.8
78	-11762
80	-9762.4
82	-8137.2
84	-6744.4
86	-5654
88	-4633.6
90	-3735.8
92	-2902.8
94	-2115.2
96	-1425.2
98	-770.8
100	-298.6
102	126.2
104	471
106	682.8
108	838
110	945.4
112	1018
114	1040.2
116	1056.2
118	1063.6
120	1108.6
122	1186.4
124	1229.8
126	1279
128	1342.2
130	1400.2
132	1458.6
134	1488
136	1508
138	1514
140	1475.2
142	1480.6
144	1604.2
146	1752.2
148	1795.4
150	1620.8
152	1321.4
154	1039.4
156	926.4
158	915.2
160	981.4
162	1056
164	1137.6
166	1183.2
168	1213.4
170	1229.4
172	1245.2
174	1285
176	1342
178	1380.2
180	1412.8
182	1428.4
184	1447
186	1425.6
188	1399.8
190	1400.4
192	1404.4
194	1439
196	1487.6
198	1489.2
200	1473.2
202	1475.2
204	1505
206	1505.6
208	1477.4
210	1470.2
212	1499.2
214	1530.2
216	1560.2
218	1591.8
220	1629.4
222	1654.4
224	1683.2
226	1734.4
228	1829.6
230	1923.6
232	2059.2
234	2190
236	2325
238	2484.6
240	2673.8
242	2930.6
244	3216.8
246	3624.4
248	4008
250	4213.4
252	4206
254	4062.4
256	3824.2
258	3654.2
260	3622
262	3837
264	4166.2
266	4151.2
268	2848
270	306.2
272	-2957
274	-5944
276	-8019.8
278	-8843.8
280	-8618.8
282	-7645.8
284	-6397
286	-5071.2
288	-3738.6
290	-2736
292	-1881.6
294	-1227.6
296	-728.8
298	-307.2
300	-22.8
302	219.4
304	410
306	547.2
308	652.6
310	713.4
312	728.2
314	753.6
316	813.4
318	860.8
320	833.8
322	760.4
324	752.8
326	793.6
328	783.2
330	812.2
332	853.4
334	913.2
336	944.2
338	965.8
340	987.2
342	1016.6
344	1097.4
346	1137.2
348	1219
350	1226.8
352	1168.4
354	1165
356	1205.4
358	1277.8
360	1304.2
362	1243.6
364	1158.6
366	1078.6
368	1020.4
370	1137
372	1350
374	1617.6
376	1758.6
378	1617.8
380	1206.2
382	587.4
384	-13
386	-323.8
388	-401.8
390	-237.4
392	10.8
394	209
396	422.6
398	609.2
400	731
402	830.8
404	899.8
406	981.8
408	1066
410	1134.6
412	1157.4
414	1239
416	1293.4
418	1373
420	1383.4
422	1374.8
424	1338.8
426	1287.6
428	1290
430	1342.8
432	1405.8
434	1456.4
436	1481.6
438	1507.4
440	1562
442	1543.2
444	1565.8
446	1599.2
448	1711.4
450	1767
452	1874
454	1943.4
456	1980.8
458	2125.2
460	2301.8
462	2459.4
464	2581.8
466	2719.4
468	2723.4
470	2682.8
472	2656.8
474	2656
476	2915.6
478	3385.6
480	3823.2
482	4095
484	3935.4
486	3368.6
488	2692.4
490	2074.4
492	1717.2
494	1914.2
496	3004.8
498	4820
500	6519.6
502	6721.6
504	5232.6
506	2555.8
508	-1007.4
510	-3858.2
512	-5844.2
514	-6735.2
516	-6530.8
518	-5800
520	-4788.4
522	-3675.2
524	-2652.8
526	-1666.8
528	-832.8
530	-223.6
532	294
534	684
536	1027.8
538	1204.2
540	1339.4
542	1454.6
544	1534.6
546	1590.6
548	1634.4
550	1652
552	1706
554	1761.8
556	1785.8
558	1869
560	1917.4
562	2007.6
564	2071.8
566	2103.6
568	2146.2
570	2204.6
572	2193.4
574	2198.2
576	2206.4
578	2193.4
580	2172
582	2162
584	2159.4
586	2160.4
588	2121.4
590	2125
592	2119.8
594	2150.6
596	2217.6
598	2251.8
600	2231.4
602	2245.2
604	2311
606	2346
608	2379.6
610	2418.4
612	2446.4
614	2411.2
616	2408.2
618	2457
620	2447.2
622	2415.2
624	2399.2
626	2414.6
628	2417.2
630	2408
632	2438.4
634	2418
636	2439.8
638	2504.6
640	2519.2
642	2541.4
644	2628.6
646	2655.6
648	2657.8
650	2628.4
652	2654.6
654	2685.2
656	2702
658	2664.8
660	2690.8
662	2718
664	2664
666	2668
668	2687
670	2693
672	2743.2
674	2749.8
676	2693.4
678	2679.4
680	2674.6
682	2667.8
684	2645.2
686	2697.4
688	2797
690	2839.4
692	2835.6
694	2828
696	2846
698	2882
700	2895.6
702	2959.4
704	2961
706	2952.6
708	3014
710	3077
712	3088.2
714	3174.8
716	3264.8
718	3240.8
720	3182.8
722	3154.6
724	3154.8
726	3183.8
728	3166.4
730	3120.2
732	3106
734	3140.6
736	3167.2
738	3189.4
740	3183
742	3170.6
744	3226.2
746	3273.8
748	3241.4
750	3212.6
752	3202.2
754	3236.6
756	3271.2
758	3310
760	3247.4
762	3232.6
764	3278.8
766	3266.4
768	3229.2
770	3207.8
772	3189.6
774	3189
776	3255.6
778	3299.6
780	3390
782	3461.8
784	3539.2
786	3583.2
788	3612.2
790	3635.8
792	3624.2
794	3561.6
796	3521.2
798	3491.6
800	3492.8
802	3504.4
804	3500.8
806	3567
808	3680
810	3730.6
812	3777.2
814	3766.8
816	3818.6
818	3816
820	3821
822	3786.2
824	3712.8
826	3693.8
828	3683
830	3646
832	3620.8
834	3595
836	3548.2
838	3485.2
840	3469.6
842	3525
844	3525.6
846	3572.2
848	3550.8
850	3576.4
852	3565.8
854	3653
856	3692.4
858	3710.8
860	3675
862	3768.8
864	3819
866	3802.2
868	3823.2
870	3921
872	3986.4
874	4024.4
876	4049.8
878	4047.6
880	4117
882	4207.4
884	4255.4
886	4286
888	4295
890	4273
892	4295.8
894	4382.4
896	4482.2
898	4527.6
900	4451.6
902	4392
904	4390.2
906	4354.2
908	4209.2
910	4092.4
912	4068.2
914	4113.2
916	4120.8
918	4114.6
920	4097.8
922	4082.8
924	4129.6
926	4137.6
928	4145
930	4224.6
932	4271.8
934	4282
936	4260.4
938	4357.2
940	4482.2
942	4536.4
944	4607.2
946	4614.6
948	4600.4
950	4575.6
952	4582.4
954	4614.6
956	4633.6
958	4699.4
960	4696.6
962	4682.6
964	4679.6
966	4686
968	4708.2
970	4762.4
972	4810.8
974	4835.2
976	4886.8
978	4875.6
980	4838
982	4782
984	4855.2
986	4928.8
988	4989.2
990	4992.8
992	4953.2
994	4847.8
996	4783.8
998	4808.8
1000	4865.2
1002	4869.6
1004	4899
1006	4966.8
1008	5091.6
1010	5155
1012	5154.4
1014	5144.2
1016	5155.2
1018	5249.2
1020	5265.8
1022	5250.8
1024	5160.2
1026	5089
1028	5100.4
1030	5129.6
1032	5075.8
1034	5036.4
1036	4989.2
1038	4927.2
1040	4912.6
1042	4987.6
1044	5070.8
1046	5169
1048	5286
1050	5302
1052	5345.4
1054	5319.2
1056	5317.4
1058	5409.4
1060	5431
1062	5450
1064	5359.6
1066	5330.4
1068	5363.4
1070	5392.8
1072	5460.2
1074	5475.2
1076	5503
1078	5564.6
1080	5651.6
1082	5681.2
1084	5648
1086	5619.4
1088	5643.8
1090	5753
1092	5786.2
1094	5718.8
1096	5663
1098	5618.6
1100	5610.8
1102	5650.4
1104	5545.4
1106	5461
1108	5430
1110	5433
1112	5551.2
1114	5630.6
1116	5709.2
1118	5737.6
1120	5846.8
1122	5939.4
1124	5916.8
1126	5889.4
1128	5906.4
1130	5958.2
1132	5984.6
1134	6081.2
1136	6153.2
1138	6196.6
1140	6210.2
1142	6216.2
1144	6207.6
1146	6220
1148	6221.8
1150	6189.4
1152	6168
1154	6146.6
1156	5964.6
1158	5806.4
1160	5740.8
1162	5792
1164	5892.8
1166	5961.4
1168	6006.8
1170	5998.4
1172	5912.8
1174	5863.2
1176	5788
1178	5694.8
1180	5651.2
1182	5697.2
1184	5837
1186	6003.8
1188	6130.8
1190	6219
1192	6209.2
1194	6130.8
1196	6077.6
1198	6074.4
1200	6092.8
1202	6185
1204	6229.4
1206	6254
1208	6268.8
1210	6352.6
1212	6407.4
1214	6432.8
1216	6472.4
1218	6565.8
1220	6685.8
1222	6653.4
1224	6586.8
1226	6661
1228	6747.6
1230	6804.2
1232	6776.6
1234	6800.2
1236	6821
1238	6903.8
1240	6969.6
1242	7039
1244	7172.6
1246	7238.6
1248	7228.2
1250	7237.4
1252	7220
1254	7291
1256	7388.4
1258	7476.4
1260	7515.2
1262	7541.8
1264	7524.4
1266	7520.4
1268	7571.4
1270	7662.6
1272	7669.2
1274	7620.8
1276	7581.8
1278	7643.8
1280	7761.6
1282	7921
1284	8000.8
1286	7875.4
1288	7713.2
1290	7641.8
1292	7529.2
1294	7434.8
1296	7397.2
1298	7478
1300	7617.4
1302	7692.2
1304	7780
1306	7817.4
1308	7672.4
1310	7461.4
1312	7409.6
1314	7511.8
1316	7683.6
1318	7978.8
1320	8246.4
1322	8167
1324	7664.6
1326	7148
1328	6722.2
1330	6481.4
1332	6421.4
1334	6477.2
1336	6577
1338	6597.6
1340	6571.2
1342	6384
1344	6127
1346	5882.4
1348	5790.4
1350	5958.6
1352	6330.4
1354	6791.8
1356	7103
1358	7035.8
1360	6499.2
1362	5957.2
1364	5713.2
1366	5769
1368	6213.2
1370	6652.8
1372	6583.8
1374	5411.8
1376	3601.6
1378	1704
1380	426.4
1382	-111.8
1384	-372.6
1386	-566.8
1388	-592.8
1390	-308.6
1392	337.8
1394	809.8
1396	908
1398	933.2
1400	1549.4
1402	2483.8
1404	3485
1406	4407.6
1408	5166.4
1410	5848.8
1412	6410.6
1414	6799.4
1416	7036.4
1418	7197.2
1420	7374.4
1422	7684.4
1424	7889.2
1426	8011.2
1428	8031.6
1430	7976.2
1432	7983
1434	7982.8
1436	8003.4
1438	7936.6
1440	7893.2
1442	8007.8
1444	8103.4
1446	8160.6
1448	8178.4
1450	8173.6
