$SPEC_ID:
No sample description was entered.
$SPEC_REM:
DET# 2
DETDESC# FP-COMPTON2 MCB 130
AP# Maestro Version 7.01
$DATE_MEA:
12/12/2024 15:49:02
$MEAS_TIM:
1195 1195
$DATA:
0 2047
       0
       0
       0
       0
       0
       0
       0
       0
       0
       0
       0
       0
       0
       0
       0
       0
       0
       0
       0
       0
       0
       0
       0
       0
       1
       0
       0
       0
       0
       0
       1
       1
       0
       2
       2
       1
       3
       3
       2
       2
       1
       2
       1
       0
       2
       3
       5
       1
       7
       3
       5
       2
       3
       3
       0
       3
       4
       2
       3
       3
       2
       5
       4
       2
       2
       1
       2
       3
       1
       1
       0
       0
       2
       2
       1
       0
       1
       6
       2
       3
       1
       2
       3
       2
       2
       0
       2
       6
       4
       4
       1
       1
       2
       2
       1
       3
       3
       5
       0
       3
       6
       3
       4
       3
       6
       0
       2
       4
       3
       5
       3
       3
       4
       2
       4
       4
       2
       4
       1
      10
       6
       5
       4
       1
       7
       5
       4
       8
       8
       6
       3
       2
       7
      11
       7
       3
       6
       3
       6
      11
       6
       5
       3
       8
       8
      10
      10
       5
       4
      10
       6
       7
       7
       5
       4
       0
       6
       4
       7
       5
       7
       5
       4
       9
       8
       5
       4
       5
       6
       9
       3
       4
       2
       5
       4
       7
       8
       5
       5
       9
       5
       7
       5
       2
       1
       3
       3
       4
       6
       1
       7
       6
       4
       3
       7
       2
       3
       7
       5
       8
       5
       3
       4
       2
       8
       4
       5
       3
       8
       5
       6
       9
       5
       7
       6
       3
       4
       4
       4
       8
       3
       5
       9
       3
       4
       1
       2
       4
       3
       6
       5
       5
       4
       5
       1
       8
       7
       7
       5
       4
      10
       8
       6
       6
       5
       9
       4
       6
       3
      13
       8
       4
       3
       5
       8
       4
       4
       7
       6
       8
       6
       6
       1
       8
       7
       9
       4
       4
      11
       5
       7
       5
       6
       7
       6
       9
       8
       4
       5
       6
       9
       6
       6
       5
       4
       8
       5
       7
       4
      11
       5
       5
       3
       7
       5
       4
       6
       5
       2
       8
       4
       6
       7
       3
       3
       8
       5
       2
       6
       7
       5
       6
       1
       2
       3
       7
       2
      10
      10
       5
       4
       5
       3
       4
       5
       3
      10
       4
       7
       7
       6
       7
       5
       6
       6
       6
       4
       5
      11
       6
       6
       2
       3
       4
       5
       4
       6
       2
       8
       5
       7
       2
       4
       7
       7
       4
       4
       4
       3
       8
       8
       6
       3
       7
       7
       3
       3
       6
       7
       9
       4
       6
       9
       5
       6
       4
       6
       5
       3
       3
       3
       5
       4
       3
       5
       8
       7
       6
       6
       4
       8
       8
      11
       5
       8
       9
       8
       9
       7
       7
       7
       4
       4
      12
       7
       6
      11
      13
      10
      10
       4
       5
       6
      11
       9
       9
       7
       4
      10
       7
      10
       4
      11
       8
      14
      10
       9
      12
      12
      12
       8
      13
       9
       7
      12
      17
       8
      10
      12
      17
      13
       8
      20
      13
      11
       9
      12
      12
      14
      13
       8
      11
       9
      11
      10
      15
      16
       7
      12
      13
      16
      21
      14
       7
      19
      17
      10
      20
      16
      12
      13
      14
      16
      11
      12
      13
      14
      14
      14
      14
      13
      12
       9
      22
      15
      15
      11
      11
      16
      13
      14
      13
      15
      22
      10
      17
      17
      11
      16
      10
      20
      13
      12
      14
      21
      14
      11
      15
      19
      12
      11
      10
      13
      14
      12
       8
      15
       9
       6
      12
       7
       7
      14
      10
      11
      13
       8
      15
       8
      11
      10
      10
       8
       8
       8
       7
      13
       7
       6
       4
       8
      11
       6
       6
       7
       8
       6
       6
       4
       5
       6
       4
       4
       2
       9
       2
       4
       5
       5
       7
       5
       2
       2
       4
       7
      10
       5
       2
       8
       8
       2
       2
       3
       3
       2
       4
       2
       3
       2
       2
       2
       5
       4
       1
       1
       2
       2
       2
       0
       2
       2
       3
       4
       4
       4
       2
       3
       1
       5
       2
       1
       2
       2
       0
       0
       2
       2
       3
       4
       4
       3
       3
       3
       0
       1
       2
       0
       0
       0
       3
       2
       2
       0
       0
       2
       1
       1
       2
       0
       1
       5
       2
       1
       1
       1
       2
       2
       3
       4
       0
       0
       0
       0
       3
       1
       1
       2
       0
       3
       2
       2
       4
       1
       2
       0
       1
       0
       1
       0
       2
       3
       0
       0
       1
       0
       3
       0
       1
       2
       3
       3
       1
       1
       1
       3
       2
       0
       3
       0
       1
       3
       1
       0
       0
       0
       0
       0
       1
       1
       2
       1
       1
       1
       1
       1
       1
       4
       0
       0
       3
       3
       2
       2
       2
       1
       0
       1
       1
       3
       1
       2
       0
       2
       1
       0
       0
       0
       1
       1
       2
       2
       1
       3
       1
       1
       1
       3
       1
       0
       1
       0
       0
       1
       0
       1
       0
       1
       1
       0
       0
       0
       0
       0
       2
       0
       0
       0
       0
       0
       1
       0
       1
       0
       1
       1
       2
       1
       1
       1
       1
       1
       0
       0
       3
       1
       0
       1
       0
       1
       2
       0
       2
       0
       3
       0
       2
       0
       1
       0
       0
       0
       1
       2
       0
       0
       0
       1
       1
       0
       0
       0
       3
       2
       1
       2
       0
       1
       1
       1
       1
       2
       1
       4
       2
       0
       2
       1
       0
       0
       0
       0
       1
       0
       0
       0
       0
       2
       0
       0
       0
       2
       1
       2
       1
       0
       0
       1
       1
       0
       0
       0
       1
       0
       0
       1
       0
       0
       1
       0
       1
       1
       0
       0
       0
       1
       0
       1
       0
       0
       0
       0
       0
       0
       0
       0
       1
       0
       0
       0
       1
       1
       2
       1
       0
       2
       0
       5
       0
       2
       0
       0
       3
       0
       0
       0
       0
       0
       1
       0
       0
       0
       0
       1
       1
       1
       2
       0
       1
       0
       0
       0
       1
       2
       1
       0
       0
       1
       1
       0
       1
       0
       0
       0
       0
       0
       0
       1
       0
       0
       1
       0
       0
       0
       0
       2
       0
       0
       2
       0
       0
       0
       0
       0
       0
       0
       0
       0
       0
       0
       0
       0
       0
       0
       0
       1
       0
       0
       0
       0
       0
       1
       0
       0
       0
       0
       0
       0
       2
       0
       1
       0
       1
       0
       2
       1
       1
       0
       0
       0
       1
       0
       0
       0
       0
       2
       1
       0
       0
       1
       0
       1
       0
       1
       0
       0
       0
       0
       0
       1
       0
       0
       0
       0
       1
       0
       0
       0
       0
       0
       0
       1
       1
       0
       0
       0
       0
       0
       0
       1
       0
       0
       0
       1
       0
       1
       0
       1
       1
       1
       0
       1
       0
       0
       1
       0
       1
       0
       0
       0
       0
       0
       0
       0
       0
       0
       0
       0
       0
       0
       0
       0
       0
       1
       0
       0
       0
       0
       0
       0
       0
       0
       1
       0
       0
       0
       0
       0
       0
       0
       0
       1
       0
       0
       0
       2
       0
       0
       2
       0
       1
       0
       0
       0
       0
       0
       0
       0
       0
       1
       1
       0
       0
       0
       0
       0
       0
       0
       0
       0
       0
       0
       0
       1
       0
       1
       0
       1
       0
       0
       0
       0
       0
       0
       0
       0
       0
       1
       0
       0
       0
       0
       0
       0
       0
       2
       0
       1
       0
       0
       0
       0
       0
       0
       0
       0
       0
       1
       0
       0
       1
       0
       0
       0
       0
       0
       0
       0
       0
       0
       0
       0
       1
       0
       0
       0
       0
       0
       0
       0
       0
       0
       0
       0
       0
       0
       0
       0
       0
       0
       0
       0
       0
       0
       0
       0
       1
       0
       0
       0
       0
       0
       0
       1
       0
       0
       0
       2
       1
       0
       1
       0
       0
       0
       0
       0
       0
       0
       0
       1
       0
       0
       0
       0
       0
       0
       0
       0
       0
       0
       0
       0
       0
       0
       0
       0
       0
       0
       0
       0
       0
       0
       0
       0
       0
       0
       0
       0
       0
       0
       0
       0
       0
       0
       0
       0
       0
       0
       0
       0
       0
       0
       0
       0
       0
       0
       0
       0
       0
       0
       0
       0
       0
       0
       0
       0
       0
       0
       0
       0
       0
       0
       0
       0
       0
       0
       0
       0
       1
       0
       0
       0
       0
       0
       0
       0
       0
       2
       0
       0
       0
       0
       0
       0
       0
       0
       0
       0
       0
       0
       0
       0
       0
       0
       0
       0
       0
       0
       0
       0
       0
       0
       0
       0
       0
       0
       0
       0
       0
       0
       0
       0
       0
       0
       0
       1
       0
       0
       0
       0
       0
       0
       0
       0
       0
       0
       0
       0
       0
       0
       0
       0
       0
       0
       0
       0
       0
       0
       0
       0
       0
       0
       0
       0
       0
       0
       1
       0
       0
       0
       0
       0
       0
       0
       1
       0
       0
       0
       0
       0
       0
       0
       0
       0
       2
       0
       0
       0
       0
       0
       0
       0
       0
       0
       0
       0
       0
       0
       0
       0
       0
       0
       0
       0
       0
       0
       0
       0
       0
       0
       0
       0
       0
       0
       0
       0
       0
       0
       1
       0
       0
       0
       0
       0
       0
       0
       0
       0
       0
       0
       0
       0
       0
       0
       0
       0
       0
       0
       0
       0
       0
       0
       0
       0
       0
       1
       0
       0
       0
       0
       0
       0
       0
       0
       0
       0
       0
       0
       0
       0
       0
       0
       0
       0
       0
       0
       0
       0
       0
       0
       0
       0
       0
       0
       0
       0
       0
       0
       0
       0
       0
       0
       0
       0
       0
       1
       0
       0
       0
       0
       0
       0
       0
       0
       0
       0
       0
       0
       0
       0
       0
       0
       1
       0
       0
       0
       0
       0
       0
       0
       1
       0
       0
       0
       0
       0
       0
       0
       0
       0
       0
       0
       0
       0
       0
       0
       0
       0
       0
       0
       0
       1
       0
       0
       0
       0
       0
       0
       0
       0
       0
       0
       0
       0
       0
       0
       0
       0
       0
       0
       0
       0
       0
       0
       0
       1
       0
       0
       0
       0
       0
       0
       0
       0
       0
       0
       0
       0
       0
       0
       0
       0
       0
       1
       0
       0
       0
       0
       0
       0
       0
       0
       1
       0
       0
       0
       0
       0
       0
       0
       0
       0
       0
       0
       0
       0
       0
       0
       0
       0
       0
       0
       0
       0
       0
       0
       0
       0
       0
       0
       0
       0
       0
       0
       0
       0
       0
       0
       0
       0
       0
       0
       0
       1
       0
       1
       0
       1
       1
       0
       0
       0
       0
       0
       0
       0
       0
       0
       0
       0
       0
       0
       0
       0
       0
       0
       0
       0
       0
       0
       0
       0
       0
       0
       0
       1
       0
       0
       0
       0
       0
       0
       0
       0
       0
       0
       0
       0
       0
       0
       0
       0
       0
       0
       0
       0
       0
       0
       0
       0
       0
       0
       0
       0
       1
       0
       0
       0
       0
       0
       0
       0
       0
       0
       0
       0
       0
       0
       0
       0
       0
       0
       0
       0
       0
       0
       0
       0
       0
       0
       0
       0
       0
       0
       0
       0
       0
       0
       0
       0
       0
       0
       0
       0
       0
       0
       0
       0
       0
       0
       0
       0
       0
       0
       0
       0
       0
       0
       0
       0
       0
       0
       0
       0
       0
       0
       0
       1
       0
       0
       0
       0
       0
       0
       0
       0
       0
       0
       0
       0
       0
       0
       0
       0
       0
       0
       0
       0
       0
       0
       0
       0
       0
       0
       0
       0
       0
       0
       0
       0
       0
       0
       0
       0
       0
       0
       0
       0
       0
       0
       0
       0
       0
       0
       0
       0
       0
       0
       0
       0
       0
       0
       0
       0
       0
       0
       0
       0
       0
       0
       0
       1
       0
       0
       1
       0
       0
       0
       1
       0
       1
       0
       0
       0
       0
       0
       0
       0
       0
       0
       0
       0
       0
       0
       0
       0
       0
       0
       0
       0
       0
       0
       0
       0
       0
       0
       0
       0
       0
       0
       0
       0
       0
       0
       0
       0
       0
       0
       0
       0
       0
       0
       0
       0
       0
       0
       0
       0
       0
       0
       0
       0
       0
       0
       0
       0
       0
       0
       0
       0
       0
       0
       0
       0
       0
       0
       0
       0
       0
       0
       0
       0
       0
       0
       0
       0
       0
       0
       0
       0
       0
       0
       0
       0
       0
       0
       0
       0
       0
       0
       0
       0
       0
       0
       0
       0
       0
       0
       0
       0
       0
       0
       0
       0
       0
       0
       0
       0
       0
       0
       0
       0
       0
       0
       0
       0
       0
       0
       0
       0
       0
       0
       0
       0
       0
       0
       0
       0
       0
       0
       0
       0
       0
       0
       0
       0
       0
       0
       0
       0
       0
       0
       0
       0
       0
       0
       0
       0
       0
       0
       0
       0
       0
       0
       0
       0
       0
       0
       0
       0
       0
       0
       0
       0
       0
       0
       0
       0
       0
       0
       0
       0
       0
       0
       0
       0
       0
       0
       0
       0
       0
       0
       0
       0
       0
       0
       0
       0
       0
       0
       0
       0
       0
       0
       0
       0
       0
       0
       0
       0
       0
       0
       0
       0
       0
       0
       0
       0
       0
       0
       0
       0
       0
       0
       0
       0
       0
       0
       0
       0
       0
       0
       0
       0
       0
       0
       0
       0
       0
       0
       0
       0
       0
       0
       0
       0
       0
       0
       0
       0
       0
       0
       0
       0
       0
       0
       0
       0
       0
       0
       0
       0
       0
       0
       0
       0
       0
       0
       0
       0
       0
       0
       0
       0
       0
       0
       0
       0
       0
$ROI:
0
$PRESETS:
None
0
0
$ENER_FIT:
0.000000 0.000000
$MCA_CAL:
3
0.000000E+000 0.000000E+000 0.000000E+000 
$SHAPE_CAL:
3
0.000000E+000 0.000000E+000 0.000000E+000
