$SPEC_ID:
No sample description was entered.
$SPEC_REM:
DET# 1
DETDESC# FP-COMPTON2 MCB 129
AP# Maestro Version 7.01
$DATE_MEA:
12/12/2024 11:43:29
$MEAS_TIM:
427 428
$DATA:
0 2047
       0
       0
       0
       0
       0
       0
       0
       0
       0
       0
       0
   27855
     156
       4
       2
       0
       4
       3
      14
      33
      48
      40
      52
      50
      39
      47
      31
      34
      26
      24
      22
      28
      17
      26
      20
      30
      16
      18
      24
      19
      25
      26
      22
      20
      16
      31
      18
      31
      25
      37
      31
      24
      35
      38
      38
      29
      37
      29
      34
      23
      34
      35
      30
      39
      32
      42
      30
      24
      37
      37
      41
      34
      48
      47
      31
      38
      40
      36
      36
      46
      41
      38
      32
      48
      29
      31
      32
      46
      52
      41
      41
      47
      47
      41
      46
      49
      43
      45
      39
      48
      52
      45
      44
      50
      41
      52
      56
      53
      49
      54
      44
      51
      51
      53
      66
      60
      64
      67
      49
      78
      50
      56
      55
      68
      69
      69
      65
      70
      54
      65
      68
      83
      91
      70
      84
      79
      65
      68
     100
      78
      81
      88
      80
      83
      90
      92
      93
      89
      79
      90
      95
      78
     112
     109
      97
      92
      75
      95
      76
     109
      99
     101
      86
      93
     107
      84
      99
     101
      86
     102
      93
     114
      98
      94
     101
     106
      86
     109
     104
      83
      92
      99
     117
      88
      98
     108
     112
     106
      83
      85
     101
      93
      86
      94
     104
      75
      92
      83
      92
      98
      92
     102
     101
     111
      90
      71
      92
      96
      83
      86
     100
      89
      94
      86
      79
     108
     101
      84
      99
      93
     112
      75
      92
      86
     114
      80
      99
     100
     131
     109
      93
      80
     107
      89
      97
     103
     105
      95
     111
     107
     109
      95
     112
     103
      98
     129
     112
     112
      95
      94
      98
     101
     102
     110
     103
      99
      86
     114
      87
      94
     137
     113
     116
     106
      90
     112
     104
     113
     114
      85
     106
     116
     106
      96
     100
     112
     108
     111
      93
     112
     115
     104
     109
     110
     111
     101
     125
     123
     130
     132
     106
     107
     118
     107
     114
     109
     136
     119
     117
     128
     118
      98
     110
     126
     118
     111
     120
     123
     120
     119
     100
     112
     130
     108
     117
     114
     106
     110
     101
     118
     116
     111
     103
     113
     122
     125
     109
     109
     109
     109
     110
     108
     121
     114
     110
     117
     115
     113
     108
     104
     109
      99
     106
     113
     121
     127
      88
      92
     105
     111
      97
     117
     106
     105
     106
      82
     118
     102
      96
      95
      89
     117
     132
     111
     108
     109
     112
     108
     113
     100
     104
     105
     108
      96
     104
     114
      98
      78
      93
     119
      89
     118
     114
      97
      83
     106
      97
     104
     108
      89
     110
      91
      93
      85
     101
      90
      96
     104
      96
      97
      79
      89
      85
      87
     106
      88
      95
      89
      84
      79
      80
      79
      81
      85
      79
      92
      72
      79
      94
      75
      82
      73
      76
      93
     100
      73
      85
      81
      71
      89
      92
      86
      93
      65
      89
      73
      76
      84
      72
      74
      77
      86
      77
      86
      68
      66
      76
      78
      67
      80
      73
      82
      61
      90
      83
      75
      69
      82
      67
      59
      82
      69
      91
      75
      61
      67
      84
      72
      71
      79
      60
      66
      63
      62
      70
      65
      63
      64
      62
      59
      54
      82
      73
      70
      72
      67
      55
      71
      62
      50
      54
      54
      52
      57
      48
      60
      63
      50
      55
      75
      62
      52
      54
      58
      50
      68
      48
      50
      69
      55
      61
      59
      66
      50
      53
      51
      50
      50
      53
      60
      56
      55
      66
      63
      42
      52
      51
      46
      36
      52
      41
      43
      63
      49
      56
      55
      41
      47
      34
      49
      65
      36
      39
      44
      39
      42
      43
      55
      46
      44
      39
      53
      43
      48
      46
      53
      38
      45
      60
      40
      34
      48
      53
      45
      40
      58
      47
      50
      53
      39
      58
      49
      67
      46
      48
      66
      44
      50
      57
      56
      65
      48
      45
      53
      49
      60
      44
      50
      62
      69
      63
      49
      70
      51
      63
      55
      61
      56
      56
      72
      58
      94
      67
      71
      74
      61
      67
      78
      64
      76
      66
      80
      75
      74
      82
      83
      80
      65
      84
      82
      81
      82
      94
      86
      79
      77
      98
      98
      83
      79
      98
      70
      80
      95
      79
      89
      95
      74
      99
      75
      99
     102
      85
     114
      81
     107
      97
     104
     112
      76
      98
      91
     101
     100
      88
      80
     100
     104
     105
     101
      99
      71
     101
      86
      76
     110
     106
     105
     109
     102
     101
     111
     116
      99
      84
     105
      83
      85
     117
      85
     102
     102
      94
      69
      92
     117
     105
      96
     100
      86
      92
     109
      83
      96
      89
      85
     101
      76
      92
      96
      86
      90
      99
      91
      89
      81
      79
      95
      89
      96
      79
      77
      82
      77
      84
      95
      78
      79
      78
      75
      88
      71
      84
      79
      82
      73
      81
      83
      73
      81
      72
      63
      91
      70
      79
      79
      69
      69
      60
      72
      77
      80
      76
      78
      63
      53
      61
      76
      64
      64
      64
      53
      70
      51
      80
      59
      72
      67
      62
      55
      41
      57
      61
      68
      57
      67
      65
      56
      66
      55
      63
      48
      59
      49
      57
      59
      53
      55
      68
      52
      51
      40
      46
      49
      53
      51
      49
      41
      56
      61
      51
      47
      42
      54
      41
      48
      51
      43
      47
      42
      41
      38
      50
      47
      40
      36
      50
      34
      44
      37
      34
      38
      48
      39
      35
      25
      48
      44
      40
      45
      33
      42
      42
      30
      37
      20
      34
      46
      30
      40
      41
      38
      42
      36
      27
      43
      29
      26
      41
      36
      34
      19
      44
      45
      24
      27
      32
      40
      36
      24
      31
      31
      33
      35
      29
      25
      25
      23
      40
      26
      23
      29
      39
      33
      28
      31
      35
      32
      21
      33
      24
      29
      24
      30
      24
      26
      37
      34
      27
      24
      17
      32
      29
      31
      23
      37
      32
      34
      21
      21
      16
      17
      31
      33
      25
      28
      28
      28
      18
      37
      27
      25
      26
      30
      20
      27
      20
      31
      18
      23
      25
      29
      20
      28
      22
      30
      30
      37
      25
      22
      22
      20
      25
      22
      26
      16
      27
      20
      27
      24
      24
      16
      14
      23
      27
      19
      27
      21
      25
      24
      14
      25
      28
      28
      26
      28
      26
      21
      32
      30
      28
      26
      38
      25
      24
      25
      22
      31
      22
      12
      24
      36
      26
      18
      27
      22
      27
      26
      21
      24
      21
      26
      20
      23
      22
      25
       4
      25
      15
      11
      12
      15
      17
      28
      20
      15
      22
      29
      15
      21
      24
      21
      19
      18
      30
      14
      21
      21
      31
      19
      18
      15
      14
      19
      16
      24
      23
      31
      20
      24
      22
      25
      26
      21
      24
      31
      15
      28
      23
      26
      19
      28
      23
      20
      21
      13
      21
      20
      21
      26
      20
      14
      16
      23
      27
      11
      13
      25
      30
      19
      20
      15
      17
      23
      20
      17
      28
      18
      15
      15
      15
      16
      17
      20
       8
      15
      17
      15
      17
      21
      19
      24
      20
      23
      18
      18
      14
      24
      23
      12
      21
      24
      20
      21
      20
      23
      21
      16
      16
      18
      15
      27
      26
      19
      25
      20
      15
      14
      16
      25
      14
      15
      17
      13
      13
       9
      17
      17
      18
      14
      23
      12
      15
      27
      20
      20
      23
      20
      15
      18
      16
      20
      15
      13
      16
      20
      23
      10
      23
      11
      16
      23
      19
      15
      20
      17
      21
      22
      14
      12
      15
      21
      15
      18
      18
      15
      13
      14
      28
      11
      23
      18
      21
      15
      23
      14
      16
      16
      15
      14
      12
      17
      22
      21
      17
      15
      15
      20
      17
      11
      17
      23
      11
      20
      12
      15
      17
      27
      20
      14
      16
      15
      14
       5
      19
      13
      11
      19
      11
      15
      15
      13
      16
      15
      15
      14
      18
       9
      15
      10
      14
      15
       8
      13
      13
      15
      22
      14
      19
      15
      15
      11
      15
      15
      10
      11
      12
      12
      10
      10
      13
      16
      12
      11
       9
      21
      13
      17
      13
       7
      10
      14
       8
       8
      11
       7
      10
      13
      16
       6
       9
      12
      22
      14
       9
      12
      11
      12
      18
       8
       9
      17
       5
      11
      10
      13
      15
       8
      13
       9
      14
      10
      10
      11
      12
      13
       4
      10
       8
       8
      13
      10
       7
      11
       9
      12
      10
       7
       9
       8
       6
      11
      10
       5
      11
      14
       4
       8
       7
      10
       8
      12
      12
       8
       8
       6
       8
       8
      12
       8
      10
      13
       8
      12
       8
       6
       7
       9
       5
      11
       5
       7
       7
      11
       6
      10
      12
      13
       7
       7
       5
       6
       6
       7
      10
       7
       9
       4
       8
       7
      11
       8
       6
       8
       7
       9
       9
      10
      10
      10
       5
       9
      12
       8
       4
       6
       5
       5
       6
      14
       5
       9
       5
      15
       9
       7
       7
       9
       8
       6
      10
       8
       3
      12
       7
      11
       7
       9
       8
      14
       4
       3
       8
       9
       4
       7
       5
      10
       8
       6
      12
       8
       2
      10
       6
       5
      11
       5
       8
       4
       8
       5
      12
       5
       2
      19
       9
       6
      13
       7
      13
      14
       4
      11
       8
       7
       6
       8
      10
       8
       5
       8
      12
       6
      12
       8
      11
       9
      10
       6
       5
       4
       5
       4
       6
      11
       7
      11
      17
      16
       9
      13
      12
       6
      17
       9
      10
       6
       7
       7
      14
      11
       7
       6
      12
       6
      14
      17
      13
      14
       8
       8
      11
       5
      13
      13
      15
      14
       8
      14
       3
      13
       6
       7
      12
       9
      17
      12
       8
      13
       5
       8
       8
      13
      16
      11
       9
      16
      12
      13
      10
      11
       6
       9
      11
      11
       9
       9
      11
      11
      13
      10
      14
       7
      16
      12
      11
      15
       8
      11
      12
       6
      10
      12
      12
       7
      12
       7
      11
      20
      11
      10
       8
      16
      12
      13
      15
      16
      13
       9
       9
      16
      12
      11
       9
       5
      18
      17
      11
       8
      14
       7
      10
       9
       9
       7
      11
      12
       6
       8
       8
       7
      12
      12
       5
       6
       7
      13
      14
       6
      11
       9
      10
       5
       7
      11
       8
      18
      11
       8
      11
       7
       5
       7
       5
       7
       7
       6
      10
      11
      10
       7
       8
      13
       9
      13
       7
       9
      13
       8
       5
      10
      11
       4
      12
      12
       6
       5
      10
       6
      10
       5
       9
       8
      10
       6
      15
       6
       5
       8
       7
       9
      14
       9
       5
       7
       8
      14
       6
       9
      10
       4
       7
       5
       5
       9
       5
      12
      10
      11
       5
       6
       6
       5
       6
       9
       6
      13
       6
       9
       6
      10
       7
       7
       9
       7
      11
       6
       5
       6
       6
       9
       2
       7
       6
       3
       4
       7
       3
       8
       6
       5
       5
       8
       5
       8
      10
       9
       5
       4
       5
      10
       8
      10
       7
       3
       7
       3
       3
       6
       9
       7
       2
       5
       5
       4
       3
       7
       3
      10
      13
       6
       9
       6
       2
       4
       5
       9
       6
       5
       3
       6
       5
       4
       4
       6
       3
       2
      10
       5
       3
       5
       5
       6
       5
       5
       3
       8
       3
       4
       4
       8
       3
       8
       5
       3
       4
       4
       7
       2
       8
       2
       3
       4
       3
       8
       6
       2
       6
       7
       8
       4
       2
       4
       3
       3
       4
       3
       2
       5
       6
       6
       2
       6
       5
       6
       5
       2
       3
       3
       6
       5
       4
       4
       1
       9
       5
       1
       4
       2
       5
       2
       3
       4
       3
       7
       4
       7
       4
       4
       3
       6
       4
       3
       6
       6
       5
       5
       1
       7
       6
       9
       9
       4
       2
       2
       7
       4
       5
       3
       2
       5
       6
       8
       2
       1
       4
       3
       6
       8
       4
       2
       5
       6
       2
       5
       2
       1
       3
       4
       3
       1
       3
       5
       7
       0
       3
       4
       2
       4
       5
       3
       6
       4
       7
       1
       3
       4
       2
       3
       6
       5
       3
       2
       5
       5
       4
       3
       4
       4
       3
       4
       1
       1
       5
       5
       8
       4
       4
       3
       1
       3
       3
       4
       3
       2
       2
       3
       1
       4
       7
       4
       5
       6
       4
       5
       4
       1
       4
       3
       5
       1
       4
       3
       1
       4
       6
       7
       2
       5
       5
       3
       3
       0
       1
       3
       3
       3
       1
       6
       1
       4
       4
       1
       3
       2
       1
       2
       0
       3
       3
       3
       1
       2
       0
       3
       3
       5
       4
       0
       3
       1
       2
       0
       3
       3
       1
       2
       0
       4
       2
       2
       1
       2
       2
       1
       1
       2
       1
       0
       3
       2
       3
       8
       5
       2
       2
       2
       3
       1
       5
       2
       1
       0
       3
       1
       4
       3
       4
       3
       2
       1
       1
       0
       2
       5
       3
       3
       2
       2
       1
       2
       1
       4
       4
       3
       3
       0
       4
       0
       2
       4
       3
       3
       1
       0
       3
       1
       3
       2
       4
       1
       3
       1
       2
       3
       4
       1
       1
       2
       2
       3
       1
       2
       4
       2
       0
       0
       4
       4
       0
       2
       2
       1
       1
       1
       2
       2
       2
       2
       3
       2
       3
       3
       3
       2
       0
       0
       5
       3
       1
       0
       4
       4
       3
       3
       0
       0
       0
       0
       0
       0
       0
       0
       0
       0
       0
       0
       0
       0
       0
       0
       0
       0
       0
       0
       0
       0
       0
       0
       0
       0
       0
       0
       0
       0
       0
       0
$ROI:
0
$PRESETS:
None
0
0
$ENER_FIT:
0.000000 0.000000
$MCA_CAL:
3
0.000000E+000 0.000000E+000 0.000000E+000 
$SHAPE_CAL:
3
0.000000E+000 0.000000E+000 0.000000E+000
