Kommentar: 
Zeit: 05.11.2024	09:59
Startenergie: 10
Endenergie: 1600
Energieschritt: 2
Sensitivity: 300 uV
TC: 300 ms
Phase: Phase: 156
10	616
12	275
14	2442
16	4514
18	5006
20	4624
22	3882
24	4176
26	7990
28	10808
30	12557
32	12709
34	11679
36	10145
38	8106
40	5993
42	4432
44	3339
46	2629
48	2066
50	1798
52	1731
54	1753
56	1812
58	1780
60	1453
62	696
64	-621
66	-2013
68	-4701
70	-8199
72	-11090
74	-12012
76	-11145
78	-9414
80	-7576
82	-6171
84	-4822
86	-3927
88	-3086
90	-2359
92	-1866
94	-1420
96	-1066
98	-780
100	-513
102	-299
104	-110
106	-13
108	84
110	182
112	243
114	262
116	277
118	325
120	347
122	332
124	303
126	317
128	345
130	392
132	405
134	400
136	444
138	483
140	477
142	478
144	543
146	642
148	664
150	574
152	461
154	362
156	322
158	296
160	255
162	263
164	295
166	328
168	315
170	320
172	376
174	429
176	439
178	426
180	438
182	436
184	458
186	475
188	467
190	466
192	478
194	493
196	502
198	509
200	519
202	525
204	539
206	569
208	585
210	602
212	601
214	608
216	616
218	661
220	706
222	706
224	694
226	666
228	686
230	748
232	841
234	940
236	1000
238	1045
240	1062
242	1059
244	1129
246	1292
248	1491
250	1616
252	1650
254	1584
256	1487
258	1396
260	1364
262	1436
264	1528
266	1457
268	949
270	-26
272	-1411
274	-2666
276	-3427
278	-3771
280	-3715
282	-3364
284	-2873
286	-2400
288	-1868
290	-1470
292	-1048
294	-745
296	-516
298	-349
300	-186
302	-49
304	49
306	116
308	207
310	241
312	250
314	241
316	229
318	231
320	225
322	240
324	302
326	356
328	389
330	431
332	479
334	487
336	465
338	404
340	318
342	258
344	234
346	247
348	276
350	319
352	361
354	409
356	479
358	536
360	585
362	553
364	503
366	407
368	365
370	369
372	425
374	469
376	436
378	349
380	194
382	44
384	-106
386	-168
388	-192
390	-176
392	-109
394	9
396	137
398	184
400	216
402	259
404	260
406	263
408	335
410	391
412	430
414	470
416	501
418	524
420	540
422	523
424	526
426	511
428	497
430	496
432	521
434	548
436	546
438	569
440	588
442	580
444	579
446	644
448	691
450	714
452	737
454	752
456	790
458	801
460	828
462	893
464	1007
466	1131
468	1187
470	1123
472	1095
474	1125
476	1237
478	1417
480	1629
482	1682
484	1560
486	1291
488	1044
490	854
492	721
494	942
496	1564
498	2389
500	3111
502	3231
504	2832
506	1622
508	173
510	-1092
512	-2117
514	-2534
516	-2574
518	-2304
520	-1809
522	-1326
524	-923
526	-594
528	-264
530	27
532	240
534	408
536	484
538	520
540	591
542	657
544	693
546	757
548	774
550	764
552	769
554	744
556	650
558	609
560	627
562	632
564	675
566	705
568	755
570	777
572	796
574	786
576	814
578	825
580	878
582	884
584	826
586	783
588	768
590	721
592	658
594	658
596	694
598	719
600	747
602	795
604	829
606	904
608	897
610	847
612	863
614	888
616	878
618	857
620	833
622	804
624	778
626	774
628	754
630	766
632	807
634	852
636	885
638	878
640	869
642	832
644	859
646	913
648	936
650	941
652	977
654	944
656	932
658	941
660	923
662	885
664	868
666	898
668	989
670	1072
672	1103
674	1140
676	1185
678	1173
680	1149
682	1096
684	991
686	950
688	963
690	984
692	1010
694	1024
696	1069
698	1130
700	1207
702	1242
704	1207
706	1190
708	1120
710	1082
712	1083
714	1107
716	1096
718	1115
720	1090
722	1049
724	1092
726	1106
728	1104
730	1123
732	1181
734	1219
736	1240
738	1254
740	1273
742	1299
744	1315
746	1281
748	1275
750	1300
752	1311
754	1237
756	1165
758	1102
760	1157
762	1259
764	1313
766	1357
768	1332
770	1331
772	1314
774	1265
776	1269
778	1307
780	1330
782	1392
784	1453
786	1467
788	1477
790	1512
792	1571
794	1568
796	1552
798	1514
800	1477
802	1449
804	1479
806	1501
808	1453
810	1405
812	1454
814	1459
816	1481
818	1547
820	1551
822	1566
824	1591
826	1608
828	1527
830	1531
832	1541
834	1516
836	1495
838	1531
840	1614
842	1647
844	1679
846	1665
848	1607
850	1547
852	1485
854	1452
856	1581
858	1674
860	1737
862	1750
864	1698
866	1634
868	1598
870	1561
872	1546
874	1514
876	1604
878	1678
880	1668
882	1717
884	1770
886	1767
888	1741
890	1789
892	1796
894	1820
896	1885
898	1876
900	1812
902	1719
904	1550
906	1516
908	1568
910	1588
912	1620
914	1580
916	1514
918	1470
920	1486
922	1581
924	1653
926	1711
928	1772
930	1777
932	1704
934	1657
936	1680
938	1662
940	1610
942	1583
944	1541
946	1568
948	1611
950	1701
952	1810
954	1824
956	1812
958	1857
960	1881
962	1866
964	1874
966	1892
968	1917
970	1890
972	1828
974	1837
976	1876
978	1851
980	1837
982	1844
984	1905
986	1870
988	1802
990	1779
992	1850
994	1944
996	2011
998	2062
1000	2131
1002	2224
1004	2275
1006	2233
1008	2210
1010	2212
1012	2257
1014	2313
1016	2266
1018	2282
1020	2174
1022	2157
1024	2186
1026	2223
1028	2176
1030	2113
1032	2058
1034	2128
1036	2227
1038	2279
1040	2294
1042	2221
1044	2219
1046	2263
1048	2239
1050	2226
1052	2312
1054	2249
1056	2209
1058	2247
1060	2249
1062	2257
1064	2240
1066	2255
1068	2322
1070	2352
1072	2351
1074	2362
1076	2372
1078	2418
1080	2516
1082	2556
1084	2521
1086	2493
1088	2529
1090	2508
1092	2478
1094	2433
1096	2444
1098	2477
1100	2452
1102	2386
1104	2336
1106	2349
1108	2424
1110	2448
1112	2519
1114	2590
1116	2649
1118	2664
1120	2651
1122	2666
1124	2694
1126	2661
1128	2617
1130	2649
1132	2721
1134	2702
1136	2605
1138	2490
1140	2414
1142	2359
1144	2378
1146	2393
1148	2411
1150	2412
1152	2389
1154	2414
1156	2413
1158	2520
1160	2475
1162	2510
1164	2625
1166	2708
1168	2764
1170	2787
1172	2760
1174	2720
1176	2660
1178	2577
1180	2551
1182	2532
1184	2466
1186	2449
1188	2437
1190	2452
1192	2528
1194	2616
1196	2671
1198	2729
1200	2767
1202	2802
1204	2810
1206	2875
1208	2786
1210	2732
1212	2793
1214	2787
1216	2853
1218	2898
1220	2879
1222	2820
1224	2824
1226	2752
1228	2775
1230	2921
1232	3022
1234	3111
1236	3104
1238	3101
1240	3125
1242	3151
1244	3234
1246	3210
1248	3175
1250	3173
1252	3181
1254	3187
1256	3112
1258	3120
1260	3160
1262	3122
1264	3097
1266	3048
1268	2976
1270	2995
1272	2937
1274	2901
1276	2979
1278	3027
1280	3039
1282	3091
1284	3135
1286	3133
1288	3119
1290	3053
1292	2958
1294	2854
1296	2838
1298	2935
1300	2961
1302	3028
1304	3029
1306	3076
1308	3014
1310	2991
1312	3050
1314	3158
1316	3392
1318	3636
1320	3758
1322	3731
1324	3449
1326	3227
1328	2919
1330	2758
1332	2597
1334	2606
1336	2737
1338	2855
1340	2891
1342	2792
1344	2704
1346	2592
1348	2580
1350	2709
1352	2856
1354	3017
1356	3166
1358	3113
1360	2759
1362	2452
1364	2335
1366	2523
1368	2702
1370	2876
1372	2814
1374	2449
1376	1480
1378	706
1380	147
1382	-146
1384	-257
1386	-140
1388	106
1390	399
1392	636
1394	843
1396	803
1398	729
1400	915
1402	1360
1404	1838
1406	2289
1408	2564
1410	2802
1412	3008
1414	3111
1416	3254
1418	3380
1420	3406
1422	3386
1424	3394
1426	3356
1428	3269
1430	3219
1432	3226
1434	3284
1436	3264
1438	3295
1440	3343
1442	3413
1444	3403
1446	3359
1448	3273
1450	3169
1452	3138
1454	3178
1456	3197
1458	3228
1460	3367
1462	3355
1464	3261
1466	3165
1468	3130
1470	3079
1472	3125
1474	3125
1476	3061
1478	3031
1480	3047
1482	3035
1484	3042
1486	3146
1488	3257
1490	3329
1492	3416
1494	3518
1496	3504
1498	3530
1500	3556
1502	3612
1504	3701
1506	3790
1508	3754
1510	3657
1512	3570
1514	3506
1516	3413
1518	3423
1520	3456
1522	3413
1524	3374
1526	3523
1528	3634
1530	3745
1532	3744
1534	3678
1536	3619
1538	3644
1540	3768
1542	3815
1544	3865
1546	3822
1548	3717
1550	3553
1552	3603
1554	3665
1556	3594
1558	3596
1560	3660
1562	3621
1564	3651
1566	3704
1568	3752
1570	3739
1572	3635
1574	3574
1576	3517
1578	3438
1580	3345
1582	3333
1584	3407
1586	3615
1588	3668
1590	3737
1592	3726
1594	3583
1596	3447
1598	3298
1600	3153
