$SPEC_ID:
No sample description was entered.
$SPEC_REM:
DET# 2
DETDESC# FP-COMPTON2 MCB 130
AP# Maestro Version 7.01
$DATE_MEA:
12/12/2024 11:43:25
$MEAS_TIM:
507 515
$DATA:
0 2047
       0
       0
       0
       0
       0
       0
       0
       0
       0
       0
       0
       0
       1
       3
       5
       2
       5
       4
       8
       3
      21
      70
     128
     159
     170
     241
     228
     288
     265
     342
     357
     422
     436
     448
     487
     496
     533
     551
     515
     517
     577
     584
     548
     557
     599
     552
     591
     583
     608
     566
     549
     522
     526
     520
     518
     457
     476
     519
     484
     505
     450
     508
     526
     461
     453
     489
     470
     485
     450
     465
     495
     521
     506
     478
     492
     536
     525
     505
     518
     523
     531
     503
     501
     549
     557
     543
     573
     549
     542
     593
     565
     640
     631
     615
     568
     579
     580
     625
     637
     613
     590
     609
     610
     601
     670
     717
     649
     692
     634
     687
     638
     690
     713
     651
     663
     642
     723
     709
     741
     717
     721
     719
     750
     765
     744
     784
     841
     773
     776
     810
     802
     839
     812
     821
     841
     864
     833
     868
     857
     925
     899
     909
     853
     928
     898
     876
     935
     941
     920
     911
     875
     922
     918
     958
     922
     940
     938
     905
     891
     880
     924
     875
     873
     925
     967
     868
     893
     865
     935
     938
     908
     884
     889
     916
     941
     892
     893
     914
     846
     868
     885
     841
     921
     881
     921
     883
     843
     876
     853
     876
     864
     858
     890
     904
     899
     866
     893
     897
     893
     909
     918
     903
     874
     868
     900
     864
     929
     936
     918
     857
     897
     914
     964
     884
     907
     932
     977
     952
     946
     953
     984
     964
     976
     930
     963
     963
     958
     986
    1000
     987
     999
    1061
     974
     949
    1037
    1001
     998
    1104
    1055
    1075
    1034
    1065
    1072
    1072
    1081
    1006
    1044
    1054
    1041
    1080
    1070
    1133
    1107
    1090
    1121
    1087
    1166
    1137
    1124
    1105
    1110
    1178
    1089
    1129
    1171
    1158
    1150
    1182
    1178
    1168
    1160
    1204
    1135
    1209
    1197
    1188
    1260
    1238
    1231
    1188
    1190
    1301
    1269
    1236
    1200
    1229
    1239
    1295
    1294
    1207
    1291
    1222
    1355
    1253
    1312
    1318
    1307
    1252
    1270
    1333
    1286
    1356
    1311
    1246
    1373
    1340
    1240
    1307
    1272
    1266
    1263
    1272
    1247
    1294
    1234
    1279
    1325
    1228
    1303
    1292
    1326
    1271
    1237
    1298
    1298
    1259
    1190
    1272
    1180
    1261
    1216
    1228
    1220
    1151
    1269
    1222
    1258
    1243
    1191
    1192
    1211
    1212
    1235
    1222
    1210
    1212
    1178
    1207
    1165
    1189
    1170
    1182
    1182
    1213
    1210
    1150
    1132
    1226
    1175
    1236
    1242
    1206
    1209
    1194
    1170
    1123
    1137
    1132
    1188
    1170
    1144
    1159
    1109
    1160
    1070
    1112
    1145
    1080
    1074
    1100
    1124
    1084
    1151
    1083
    1125
    1075
    1120
    1084
     986
    1074
    1080
    1086
    1112
    1136
    1121
    1091
    1085
    1118
    1071
    1092
    1066
    1063
    1156
    1109
    1049
    1113
    1053
    1093
    1006
    1032
    1009
    1065
    1094
    1069
    1058
    1049
     987
    1061
    1055
    1009
    1042
    1026
    1055
    1093
     961
     992
    1011
    1026
    1052
     943
     958
     985
    1003
    1003
     898
     982
     974
    1000
    1006
     980
    1028
     988
     994
     954
     874
    1008
     913
     941
     950
     935
     897
     937
     888
     855
     917
     880
     899
     869
     896
     848
     904
     854
     862
     854
     870
     889
     838
     787
     811
     762
     785
     802
     803
     820
     772
     794
     735
     774
     773
     773
     759
     718
     741
     716
     697
     708
     733
     731
     732
     724
     734
     668
     702
     646
     666
     667
     670
     679
     653
     655
     637
     628
     626
     622
     631
     643
     640
     625
     638
     602
     616
     611
     612
     606
     576
     559
     589
     578
     594
     568
     565
     619
     562
     585
     627
     552
     583
     527
     585
     548
     591
     607
     568
     555
     528
     526
     554
     578
     568
     577
     618
     588
     569
     589
     569
     552
     589
     575
     594
     626
     566
     643
     599
     640
     610
     611
     623
     620
     698
     585
     647
     672
     679
     701
     664
     728
     758
     705
     727
     745
     720
     748
     748
     754
     800
     772
     821
     834
     802
     911
     898
     904
     981
     878
     928
     949
     922
     989
    1001
     960
     985
    1127
    1057
    1130
    1058
    1112
    1143
    1119
    1165
    1304
    1277
    1299
    1279
    1328
    1351
    1346
    1417
    1386
    1441
    1440
    1509
    1515
    1535
    1534
    1571
    1735
    1709
    1750
    1798
    1848
    1795
    1888
    1883
    1889
    1937
    1979
    2035
    2040
    2172
    2088
    2065
    2174
    2199
    2307
    2271
    2286
    2272
    2377
    2452
    2451
    2504
    2501
    2624
    2656
    2591
    2684
    2763
    2779
    2761
    2803
    2812
    2861
    2889
    3035
    3073
    3013
    3045
    2975
    2971
    3164
    3097
    3213
    3084
    3043
    3281
    3215
    3210
    3191
    3291
    3267
    3379
    3338
    3298
    3242
    3324
    3251
    3305
    3285
    3312
    3333
    3315
    3385
    3360
    3278
    3298
    3266
    3304
    3312
    3376
    3423
    3281
    3313
    3214
    3206
    3227
    3218
    3180
    3120
    3074
    3009
    3132
    2951
    2998
    2946
    2940
    2926
    2919
    2823
    2845
    2784
    2744
    2710
    2690
    2687
    2647
    2588
    2661
    2543
    2498
    2531
    2348
    2306
    2379
    2312
    2323
    2152
    2175
    2157
    2197
    2057
    2055
    1870
    1942
    1881
    1859
    1883
    1768
    1677
    1735
    1696
    1701
    1564
    1528
    1515
    1510
    1501
    1462
    1366
    1430
    1332
    1321
    1206
    1301
    1188
    1161
    1167
    1084
    1087
    1078
    1065
    1023
     971
     972
     881
     907
     894
     858
     874
     777
     811
     781
     746
     724
     730
     693
     669
     672
     693
     622
     632
     593
     634
     574
     633
     534
     560
     505
     546
     543
     504
     515
     473
     448
     452
     450
     439
     458
     409
     424
     446
     399
     378
     403
     379
     423
     370
     345
     322
     380
     345
     352
     391
     365
     351
     333
     331
     357
     330
     348
     291
     335
     335
     287
     295
     278
     318
     309
     288
     293
     333
     266
     283
     296
     280
     311
     300
     307
     287
     319
     277
     304
     297
     303
     283
     272
     279
     264
     328
     274
     282
     268
     285
     283
     301
     272
     298
     261
     294
     282
     284
     291
     277
     274
     275
     291
     276
     284
     281
     248
     286
     254
     268
     280
     280
     269
     303
     292
     295
     286
     278
     277
     273
     271
     263
     277
     264
     265
     279
     282
     288
     295
     247
     295
     282
     303
     290
     289
     296
     276
     283
     250
     288
     303
     302
     276
     265
     283
     320
     273
     279
     272
     262
     268
     267
     256
     279
     269
     284
     286
     267
     300
     282
     267
     255
     279
     278
     288
     271
     263
     231
     297
     312
     243
     298
     277
     283
     279
     273
     269
     258
     295
     282
     273
     277
     290
     278
     264
     288
     279
     282
     275
     261
     282
     319
     284
     279
     261
     260
     296
     242
     277
     257
     265
     275
     281
     245
     247
     297
     283
     274
     275
     274
     259
     283
     291
     240
     259
     277
     255
     289
     248
     251
     276
     271
     263
     273
     256
     257
     258
     256
     256
     233
     271
     247
     247
     263
     274
     291
     260
     277
     297
     272
     251
     277
     245
     269
     258
     260
     236
     272
     269
     271
     265
     284
     270
     250
     277
     306
     248
     279
     270
     262
     269
     288
     267
     252
     241
     256
     289
     248
     268
     285
     262
     273
     261
     274
     258
     267
     280
     263
     261
     279
     239
     253
     295
     271
     256
     231
     257
     248
     270
     270
     269
     269
     259
     256
     283
     280
     269
     272
     303
     281
     276
     254
     264
     258
     266
     247
     273
     242
     263
     245
     249
     240
     251
     281
     257
     289
     270
     255
     254
     281
     260
     289
     273
     229
     255
     237
     243
     231
     244
     259
     259
     273
     288
     218
     256
     269
     266
     250
     233
     260
     235
     246
     254
     262
     252
     261
     263
     244
     240
     258
     269
     253
     240
     237
     196
     223
     257
     265
     251
     252
     249
     277
     255
     252
     254
     236
     247
     251
     216
     250
     230
     242
     236
     281
     261
     239
     246
     280
     254
     252
     221
     244
     250
     230
     235
     242
     255
     262
     213
     225
     233
     236
     246
     224
     196
     246
     216
     221
     230
     250
     252
     237
     240
     244
     256
     251
     239
     212
     242
     230
     282
     239
     224
     222
     252
     239
     228
     238
     233
     229
     247
     237
     246
     228
     222
     233
     240
     223
     205
     206
     230
     207
     238
     209
     239
     238
     254
     224
     221
     255
     219
     194
     219
     245
     228
     226
     245
     223
     213
     233
     226
     245
     222
     256
     236
     232
     218
     235
     209
     211
     227
     191
     253
     223
     191
     200
     219
     250
     204
     233
     217
     219
     197
     211
     241
     225
     234
     213
     212
     217
     196
     225
     192
     188
     205
     214
     238
     173
     218
     207
     198
     220
     183
     207
     189
     190
     203
     178
     211
     211
     200
     182
     198
     200
     191
     188
     183
     215
     208
     170
     199
     202
     229
     224
     170
     207
     186
     180
     189
     186
     181
     196
     179
     193
     175
     172
     196
     192
     174
     189
     183
     180
     163
     173
     181
     200
     160
     169
     156
     179
     177
     185
     161
     184
     169
     153
     171
     151
     162
     181
     145
     147
     159
     141
     164
     193
     151
     155
     166
     149
     138
     161
     154
     171
     173
     180
     176
     162
     144
     157
     178
     167
     153
     183
     183
     163
     143
     175
     143
     173
     164
     150
     154
     155
     137
     178
     158
     163
     174
     154
     147
     152
     153
     136
     145
     148
     182
     179
     175
     161
     187
     164
     146
     173
     171
     146
     157
     162
     164
     143
     166
     174
     171
     183
     150
     163
     150
     177
     183
     172
     149
     163
     192
     161
     167
     167
     185
     192
     170
     185
     176
     179
     210
     175
     171
     169
     205
     199
     190
     182
     197
     192
     208
     225
     186
     198
     204
     208
     195
     218
     201
     221
     221
     187
     213
     196
     219
     202
     250
     235
     237
     252
     236
     253
     230
     260
     243
     233
     222
     236
     253
     239
     239
     256
     221
     226
     249
     258
     243
     246
     276
     250
     254
     262
     269
     285
     278
     292
     261
     285
     286
     288
     307
     289
     307
     249
     312
     287
     285
     315
     310
     327
     268
     323
     287
     334
     289
     326
     326
     332
     335
     323
     337
     325
     353
     359
     329
     366
     375
     346
     354
     386
     365
     367
     365
     376
     396
     399
     385
     387
     380
     388
     356
     372
     363
     386
     350
     409
     355
     402
     395
     444
     407
     346
     406
     394
     430
     447
     416
     459
     404
     460
     456
     436
     447
     414
     439
     452
     446
     424
     484
     449
     424
     466
     442
     428
     464
     421
     430
     442
     460
     444
     455
     483
     459
     431
     491
     503
     436
     508
     455
     467
     481
     446
     470
     488
     435
     463
     479
     467
     425
     462
     479
     490
     462
     477
     470
     483
     461
     448
     473
     469
     438
     508
     481
     533
     474
     452
     459
     468
     464
     480
     432
     421
     432
     461
     452
     458
     406
     440
     454
     442
     430
     431
     432
     455
     388
     380
     448
     416
     465
     427
     389
     408
     430
     456
     411
     403
     389
     393
     357
     377
     360
     328
     383
     344
     405
     399
     362
     368
     333
     366
     378
     369
     344
     357
     342
     343
     319
     330
     298
     330
     309
     324
     303
     357
     336
     307
     302
     272
     319
     283
     285
     321
     282
     281
     318
     291
     240
     283
     261
     268
     247
     265
     235
     261
     256
     264
     226
     227
     221
     247
     237
     219
     213
     232
     228
     232
     219
     214
     239
     229
     229
     212
     195
     197
     216
     188
     197
     197
     185
     208
     181
     184
     175
     175
     178
     172
     162
     160
     174
     162
     163
     178
     142
     158
     132
     152
     145
     153
     140
     142
     129
     146
     140
     130
     129
     131
     140
     137
     123
     142
     158
     131
     121
     121
     128
     122
     125
     110
     128
     124
     109
     111
     115
     102
     121
      98
     104
      97
     102
     105
      96
     101
     118
      88
      98
      93
     108
     114
     109
     101
     115
     106
      99
     104
      97
      83
      86
      89
      78
      96
      91
     110
      89
      83
      94
      86
      94
      83
      90
      84
      88
      89
     100
     100
      93
      77
      91
     100
      83
      58
      83
      85
      87
      73
      76
      85
     101
      79
      86
      66
      74
      73
      78
      88
      81
      75
      77
      69
      83
      75
      70
      83
      82
      78
      89
      67
      64
      71
      74
      82
      70
      88
      72
      72
      73
      60
      68
      63
      58
      63
      58
      55
      66
      73
      55
      46
      51
      55
      56
      58
      51
      62
      64
      51
      51
      56
      58
      62
      60
      56
      50
      56
      40
      43
      55
      35
      47
      47
      40
      50
      42
      51
      51
      50
      34
      40
      33
      49
      39
      34
      45
      47
      40
      41
      39
      41
      37
      34
      37
      34
      37
      32
      40
      20
      26
      33
      37
      20
      27
      24
      18
      25
      20
      25
      17
      18
      15
      19
      17
      12
       8
      13
      15
       5
       5
       5
       2
       3
       2
       2
       1
       0
       0
       3
       2
       1
       0
       0
       0
       1
       0
       0
       1
       1
       0
       0
       0
       0
       1
       0
       0
       0
       0
       0
       0
       1
       0
       0
       0
       0
       0
       0
       0
       1
       0
       0
       0
       0
       0
       0
       0
       0
       0
       0
       0
       1
       0
       0
       0
       0
       0
       0
       0
       0
       0
       0
       0
       0
       0
       0
       0
       0
       0
       0
       0
       0
       0
       0
       0
       1
       0
       0
       0
       0
       0
       0
       0
       0
       0
       0
       0
       0
       0
       0
       0
       0
       0
       1
       0
       0
       0
       0
       0
       0
       0
       0
       0
       0
       0
       0
       0
       1
       1
       0
       0
       0
       0
       0
       0
       0
       0
       0
       0
       0
       0
       0
       0
       0
       0
       1
       0
       0
       0
       1
       0
       0
       0
       0
       0
       0
       0
       0
       0
       0
       0
       0
       0
       0
       0
       0
       0
       0
       0
       0
       0
       0
       0
       0
       0
       0
       0
       0
       0
       0
       0
       0
       0
       0
       0
       0
       0
       0
       0
       0
$ROI:
0
$PRESETS:
None
0
0
$ENER_FIT:
0.000000 0.000000
$MCA_CAL:
3
0.000000E+000 0.000000E+000 0.000000E+000 
$SHAPE_CAL:
3
0.000000E+000 0.000000E+000 0.000000E+000
