$SPEC_ID:
No sample description was entered.
$SPEC_REM:
DET# 1
DETDESC# FP-COMPTON2 MCB 129
AP# Maestro Version 7.01
$DATE_MEA:
12/12/2024 11:43:29
$MEAS_TIM:
254 269
$DATA:
0 2047
       0
       0
       0
       0
       0
       0
       0
       0
       0
       0
       0
   14223
    1016
     639
     604
     630
     676
     735
     765
     716
     821
     822
    1536
    1155
    1116
    1082
    1111
    1276
    1412
    1422
    1557
    1614
    1740
    1915
    1981
    2039
    2211
    2330
    2434
    2594
    2723
    2850
    2985
    3096
    3275
    3403
    3499
    3619
    3680
    3876
    3884
    3960
    4111
    4312
    4180
    4245
    4442
    4234
    4393
    4329
    4425
    4426
    4388
    4375
    4330
    4309
    4229
    4204
    4263
    4099
    3944
    4096
    3920
    3880
    3868
    3591
    3594
    3477
    3463
    3351
    3226
    3114
    3141
    3108
    2984
    2919
    2784
    2744
    2779
    2574
    2567
    2488
    2450
    2402
    2308
    2309
    2181
    2219
    2263
    2148
    2130
    2125
    2194
    2028
    2023
    2097
    2023
    2060
    1986
    1987
    2007
    1957
    1996
    1980
    2032
    2070
    2000
    2007
    2120
    2135
    2100
    2142
    2200
    2198
    2176
    2144
    2182
    2254
    2207
    2285
    2239
    2303
    2304
    2311
    2488
    2370
    2426
    2478
    2423
    2403
    2392
    2420
    2498
    2498
    2504
    2611
    2539
    2616
    2448
    2586
    2516
    2545
    2530
    2692
    2577
    2601
    2603
    2634
    2620
    2633
    2710
    2705
    2682
    2785
    2643
    2727
    2767
    2635
    2739
    2712
    2709
    2671
    2709
    2728
    2766
    2844
    2832
    2701
    2745
    2742
    2775
    2748
    2817
    2887
    2738
    2757
    2734
    2768
    2714
    2788
    2726
    2881
    2764
    2824
    2732
    2800
    2822
    2791
    2782
    2831
    2704
    2751
    2791
    2782
    2761
    2825
    2873
    2821
    2907
    2858
    2809
    2802
    2692
    2889
    2858
    2887
    2828
    2814
    2823
    2851
    2934
    2834
    2881
    2864
    2809
    2857
    2893
    2833
    2921
    2882
    2816
    2904
    2933
    2963
    2833
    2864
    2859
    2872
    3014
    2920
    2911
    2912
    2999
    2923
    3056
    2952
    2936
    3092
    2974
    3037
    2952
    3073
    3076
    2975
    3067
    2893
    3067
    3062
    3031
    3111
    3115
    3092
    3234
    3225
    3076
    3206
    3132
    3175
    3114
    3118
    3179
    3147
    3136
    3122
    3242
    3131
    3109
    3206
    3179
    3300
    3296
    3274
    3241
    3245
    3310
    3197
    3378
    3251
    3311
    3242
    3292
    3362
    3282
    3380
    3333
    3338
    3359
    3309
    3352
    3319
    3326
    3281
    3299
    3377
    3355
    3400
    3404
    3405
    3408
    3385
    3411
    3348
    3385
    3394
    3493
    3392
    3466
    3480
    3431
    3299
    3463
    3286
    3461
    3259
    3356
    3292
    3324
    3306
    3275
    3389
    3330
    3379
    3295
    3354
    3429
    3311
    3297
    3350
    3290
    3301
    3419
    3274
    3348
    3281
    3268
    3381
    3293
    3292
    3337
    3283
    3289
    3172
    3297
    3302
    3229
    3241
    3332
    3124
    3334
    3307
    3170
    3347
    3187
    3250
    3227
    3330
    3289
    3204
    3104
    3280
    3200
    3192
    3196
    3189
    3104
    3209
    3171
    3191
    3162
    3038
    3165
    3211
    3137
    3132
    3237
    3135
    3034
    3077
    3106
    3245
    3179
    3164
    3118
    3172
    3114
    3256
    3181
    3085
    3142
    3096
    3161
    3129
    3075
    3155
    3132
    3165
    3115
    3076
    3150
    3116
    3145
    3125
    3154
    3088
    3102
    3099
    3160
    3132
    3126
    3049
    3116
    3075
    3089
    3056
    3080
    3068
    3075
    3113
    3121
    3102
    3071
    3193
    3175
    3058
    2984
    3116
    3137
    3154
    3066
    3151
    2963
    3104
    3167
    3126
    3084
    3211
    3148
    3151
    3080
    3110
    3107
    3165
    3111
    3203
    3113
    3168
    3137
    3177
    3057
    3146
    3129
    3253
    3043
    3090
    3243
    3108
    3118
    3043
    3202
    3120
    3179
    3113
    3131
    3194
    3147
    3100
    3139
    3112
    3203
    3127
    3181
    3045
    3190
    3047
    3159
    3127
    3214
    3254
    3251
    3144
    3184
    3133
    3159
    3200
    3099
    3165
    3155
    3153
    3194
    3194
    3128
    3133
    3249
    3254
    3261
    3168
    3168
    3279
    3167
    3076
    3069
    3131
    3138
    3121
    3185
    3117
    3157
    3225
    3070
    3125
    3259
    3222
    3153
    3209
    3108
    3069
    3184
    3142
    3080
    3207
    3157
    2995
    3089
    3108
    3207
    3138
    3093
    3095
    3154
    3091
    3138
    3114
    2982
    2952
    3088
    3040
    2938
    3041
    3098
    2876
    3077
    3032
    2905
    3053
    3002
    2969
    2892
    2869
    2959
    2874
    2932
    2954
    2912
    2692
    2893
    2867
    2780
    2847
    2869
    2802
    2684
    2754
    2738
    2710
    2677
    2736
    2623
    2631
    2544
    2665
    2613
    2637
    2488
    2520
    2533
    2551
    2416
    2467
    2382
    2391
    2335
    2328
    2313
    2300
    2302
    2333
    2201
    2268
    2227
    2156
    2103
    2049
    2107
    2067
    2035
    2081
    2092
    2040
    2004
    1968
    1916
    1943
    1909
    1916
    1968
    1782
    1775
    1892
    1846
    1865
    1724
    1780
    1678
    1722
    1687
    1644
    1639
    1678
    1650
    1669
    1576
    1551
    1562
    1559
    1562
    1527
    1549
    1451
    1427
    1484
    1398
    1409
    1304
    1459
    1427
    1485
    1353
    1345
    1418
    1283
    1348
    1342
    1304
    1378
    1351
    1255
    1352
    1250
    1283
    1284
    1338
    1265
    1235
    1296
    1216
    1164
    1276
    1209
    1243
    1216
    1356
    1271
    1278
    1272
    1287
    1249
    1274
    1282
    1240
    1275
    1299
    1275
    1321
    1345
    1341
    1352
    1333
    1376
    1291
    1380
    1444
    1526
    1422
    1523
    1465
    1483
    1486
    1472
    1614
    1512
    1553
    1616
    1631
    1724
    1703
    1716
    1713
    1668
    1819
    1848
    1891
    1883
    1971
    1940
    2042
    2057
    2035
    2179
    2102
    2139
    2217
    2269
    2378
    2359
    2517
    2447
    2556
    2557
    2604
    2682
    2747
    2646
    2851
    2783
    2933
    2938
    2970
    3046
    3048
    3109
    3224
    3268
    3356
    3331
    3433
    3435
    3543
    3575
    3711
    3774
    3744
    3786
    3866
    3875
    4001
    4072
    4121
    4124
    4296
    4223
    4370
    4359
    4451
    4538
    4484
    4532
    4736
    4739
    4801
    4817
    4981
    4994
    5042
    5173
    5261
    5257
    5146
    5220
    5341
    5502
    5305
    5476
    5415
    5485
    5597
    5729
    5621
    5751
    5807
    5641
    5678
    5920
    5851
    6006
    6026
    6039
    5946
    6041
    6059
    6078
    6056
    6113
    6040
    6141
    6202
    6137
    6194
    6247
    6194
    6239
    6141
    6180
    6297
    6313
    6172
    6059
    6218
    6386
    6130
    6065
    6134
    6160
    6203
    6059
    6005
    5961
    5892
    5900
    5810
    5823
    5781
    5752
    5730
    5815
    5754
    5694
    5739
    5497
    5429
    5508
    5463
    5417
    5354
    5342
    5250
    5261
    5207
    5049
    5247
    5070
    5044
    4865
    4862
    4782
    4862
    4739
    4730
    4666
    4717
    4622
    4496
    4301
    4380
    4359
    4291
    4246
    4251
    4101
    4082
    3942
    3965
    4006
    3925
    3811
    3737
    3770
    3556
    3533
    3660
    3352
    3475
    3337
    3319
    3282
    3279
    3220
    3114
    2975
    3060
    3022
    3025
    2934
    2774
    2831
    2747
    2695
    2723
    2744
    2616
    2566
    2450
    2504
    2450
    2481
    2322
    2257
    2194
    2249
    2161
    2169
    2104
    2123
    1989
    2034
    1978
    1959
    1931
    1852
    1794
    1889
    1908
    1729
    1772
    1717
    1704
    1717
    1661
    1629
    1558
    1646
    1513
    1515
    1490
    1456
    1398
    1353
    1418
    1396
    1417
    1292
    1371
    1306
    1284
    1279
    1286
    1178
    1129
    1168
    1158
    1161
    1170
    1136
    1101
    1098
    1095
    1054
    1011
    1027
    1023
    1024
    1018
     997
     936
     971
     918
     941
     895
     903
     852
     872
     884
     858
     848
     785
     815
     824
     821
     813
     789
     759
     764
     763
     709
     737
     783
     689
     711
     711
     702
     696
     717
     688
     677
     652
     677
     653
     658
     647
     653
     646
     591
     626
     602
     565
     580
     560
     582
     592
     590
     573
     533
     528
     527
     494
     564
     515
     508
     510
     505
     517
     511
     456
     510
     469
     445
     479
     453
     431
     451
     452
     441
     441
     413
     462
     425
     412
     408
     417
     403
     416
     413
     382
     403
     425
     357
     369
     378
     388
     360
     376
     371
     361
     373
     368
     376
     369
     358
     354
     353
     344
     348
     349
     347
     353
     332
     333
     336
     316
     318
     303
     300
     319
     288
     331
     288
     301
     318
     299
     303
     287
     285
     303
     301
     312
     326
     257
     253
     283
     326
     253
     318
     299
     275
     237
     268
     264
     265
     265
     262
     259
     245
     274
     219
     255
     253
     253
     268
     269
     256
     250
     252
     246
     236
     261
     222
     237
     251
     232
     248
     218
     242
     252
     243
     236
     215
     229
     199
     221
     210
     244
     235
     204
     218
     203
     212
     208
     219
     236
     209
     215
     191
     171
     204
     207
     218
     241
     200
     204
     209
     235
     204
     198
     194
     225
     178
     185
     183
     192
     197
     193
     197
     172
     215
     197
     199
     170
     183
     175
     197
     196
     179
     161
     182
     198
     192
     169
     175
     187
     178
     164
     182
     160
     161
     193
     131
     173
     182
     185
     153
     158
     174
     187
     193
     181
     166
     161
     154
     161
     171
     159
     176
     180
     185
     154
     182
     158
     169
     154
     174
     163
     160
     168
     149
     138
     144
     152
     155
     145
     176
     135
     166
     166
     156
     143
     140
     149
     156
     166
     159
     125
     145
     157
     152
     143
     146
     152
     134
     133
     156
     141
     182
     152
     160
     129
     127
     131
     146
     150
     142
     122
     130
     125
     162
     122
     138
     145
     131
     128
     158
     131
     153
     136
     128
     133
     133
     125
     127
     134
     146
     121
     121
     122
     135
     111
     131
     151
     138
     129
     147
     108
     116
     115
     160
     125
     122
     152
     112
     116
     119
     136
     115
     142
     132
     119
     117
     110
     124
     135
     108
     123
     115
      97
     115
     121
     119
     133
     115
     119
     105
     110
      83
     114
     117
      95
     116
     110
     120
     143
     130
     103
      95
     113
     112
     111
     107
     100
     103
      94
      96
      97
      98
      94
     100
     105
     105
     117
      84
     103
     112
     110
     116
     102
     101
      93
      99
      94
      95
      86
     104
      92
     100
     101
     111
      99
      90
      97
      83
      86
     118
      80
      76
      78
      97
      88
      91
      78
      88
      83
      98
      64
      78
      96
      78
      76
      96
      79
      90
      84
      95
      80
      88
      72
      88
      78
      66
      71
      82
      77
      79
      86
      66
      80
      75
      65
      69
      66
      71
      73
      77
      95
      62
      75
      62
      73
      76
      70
      65
      69
      82
      76
      73
      54
      63
      60
      60
      53
      72
      72
      64
      70
      67
      56
      60
      58
      66
      64
      77
      61
      61
      62
      68
      78
      76
      55
      52
      70
      61
      62
      76
      57
      65
      51
      57
      65
      58
      53
      52
      63
      58
      45
      53
      63
      52
      57
      53
      63
      60
      55
      52
      52
      48
      77
      51
      54
      57
      47
      62
      49
      45
      53
      44
      46
      55
      46
      58
      63
      43
      38
      33
      45
      37
      41
      47
      40
      44
      42
      45
      44
      33
      40
      52
      49
      51
      47
      43
      40
      53
      51
      38
      42
      34
      39
      42
      38
      40
      30
      43
      38
      37
      29
      35
      45
      48
      51
      38
      28
      43
      35
      29
      33
      29
      33
      38
      36
      49
      30
      21
      40
      27
      35
      36
      39
      35
      47
      37
      33
      36
      30
      34
      34
      32
      28
      23
      34
      23
      24
      31
      36
      35
      26
      26
      36
      28
      26
      34
      33
      30
      38
      31
      36
      27
      23
      29
      31
      35
      34
      25
      34
      18
      33
      16
      26
      22
      17
      28
      22
      23
      18
      21
      15
      14
      28
      20
      23
      19
      18
      23
      20
      18
      27
      18
      21
      13
      18
      14
      20
      15
      19
      19
      21
      17
      29
      22
      21
      17
      11
      18
      18
      19
      19
      18
       9
      18
      25
      12
      17
      18
      24
      13
      20
       8
      14
      10
      13
      27
       9
       7
      13
      12
      16
      10
      17
      16
      14
      16
       5
      12
      16
      16
       9
       8
      14
       9
      12
       9
      13
      13
       7
      18
      17
      12
       7
      11
      13
       9
      18
       9
      16
       8
      11
       5
       6
       9
      11
       8
      10
       4
      11
      11
      10
      10
       8
      10
      10
      10
       9
       9
       9
      10
       5
       5
       5
       5
       9
       9
       7
       6
       4
      10
       6
       5
       8
      11
       6
       9
       8
       7
       9
      10
       4
       3
       6
       7
       7
       8
       5
       9
       5
      11
       3
       7
       2
       6
       2
       4
       5
       7
       5
       8
       4
       3
       6
      10
       4
       5
       4
       7
       4
       3
       5
       3
       5
       3
       4
       1
       5
       6
       4
       4
       1
       5
       3
       1
       5
       5
       4
       3
       7
       8
       4
       2
       6
       2
       5
       5
       2
       2
       2
       4
       4
       9
       3
       3
       4
       8
       3
       3
       1
       1
       2
       4
       1
       1
       4
       2
       5
       7
       0
       3
       2
       3
       0
       1
       5
       4
       2
       3
       2
       1
       4
       4
       5
       1
       4
       4
       3
       2
       2
       1
       2
       2
       3
       1
       4
       2
       4
       0
       1
       0
       0
       5
       1
       2
       5
       5
       0
       4
       3
       2
       4
       3
       4
       2
       1
       4
       1
       1
       2
       0
       3
       4
       1
       2
       2
       0
       2
       2
       3
       2
       2
       3
       1
       2
       1
       2
       0
       2
       2
       5
       1
       1
       5
       3
       1
       5
       2
       0
       1
       1
       0
       3
       3
       1
       2
       1
       3
       7
       1
       1
       3
       2
       2
       3
       1
       2
       0
       0
       2
       4
       0
       1
       4
       3
       3
       1
       0
       1
       1
       0
       1
       0
       2
       2
       0
       2
       3
       2
       2
       0
       1
       2
       1
       1
       0
       3
       2
       1
       3
       0
       5
       0
       1
       1
       0
       1
       0
       0
       0
       0
       1
       0
       0
       0
       0
       2
       0
       1
       0
       0
       4
       0
       1
       0
       2
       1
       3
       0
       1
       0
       0
       1
       3
       0
       0
       2
       1
       0
       3
       0
       3
       2
       0
       0
       1
       2
       0
       2
       0
       2
       2
       2
       1
       0
       3
       2
       0
       0
       2
       0
       0
       0
       1
       0
       0
       2
       1
       0
       1
       2
       0
       0
       1
       0
       0
       3
       0
       0
       0
       1
       0
       1
       1
       0
       0
       0
       0
       1
       0
       1
       0
       0
       1
       1
       0
       0
       0
       0
       1
       0
       1
       3
       0
       0
       0
       1
       0
       0
       0
       0
       0
       0
       0
       0
       0
       0
       0
       0
       0
       0
       0
       0
       0
       0
       0
       0
       0
       0
       0
       0
       0
       0
       0
       0
       0
       0
       0
       0
       0
$ROI:
0
$PRESETS:
None
0
0
$ENER_FIT:
0.000000 0.000000
$MCA_CAL:
3
0.000000E+000 0.000000E+000 0.000000E+000 
$SHAPE_CAL:
3
0.000000E+000 0.000000E+000 0.000000E+000
