$SPEC_ID:
No sample description was entered.
$SPEC_REM:
DET# 1
DETDESC# FP-COMPTON2 MCB 129
AP# Maestro Version 7.01
$DATE_MEA:
12/12/2024 11:43:29
$MEAS_TIM:
210 211
$DATA:
0 2047
       0
       0
       0
       0
       0
       0
       0
       0
       0
       0
       0
   13871
      65
      16
      14
      18
      27
      40
      40
      67
      78
      74
     109
     180
     121
     126
     158
     174
     186
     223
     273
     252
     296
     323
     342
     361
     389
     386
     445
     464
     557
     498
     546
     575
     612
     691
     723
     738
     781
     779
     817
     917
     968
    1016
     987
    1008
     997
    1093
    1045
    1065
    1023
    1095
    1096
    1078
    1075
    1014
    1042
     992
     964
     986
     934
     973
     877
     898
     834
     818
     798
     796
     727
     720
     680
     621
     618
     582
     575
     554
     537
     525
     491
     497
     500
     453
     470
     444
     460
     391
     376
     392
     350
     385
     373
     371
     383
     380
     309
     355
     358
     361
     321
     332
     360
     344
     331
     413
     363
     369
     365
     383
     366
     393
     423
     419
     407
     465
     452
     455
     511
     504
     483
     478
     558
     527
     563
     536
     581
     594
     555
     592
     612
     595
     619
     634
     605
     607
     674
     620
     639
     668
     648
     681
     640
     685
     637
     638
     663
     640
     648
     604
     597
     631
     594
     580
     623
     566
     582
     610
     496
     541
     506
     494
     503
     489
     502
     469
     475
     458
     430
     434
     430
     403
     384
     411
     346
     371
     359
     332
     319
     314
     309
     330
     308
     286
     309
     312
     295
     257
     265
     285
     288
     268
     220
     257
     223
     249
     224
     213
     243
     212
     216
     234
     234
     220
     227
     220
     213
     210
     199
     189
     188
     185
     201
     164
     180
     178
     183
     170
     183
     172
     184
     167
     185
     169
     175
     151
     147
     163
     158
     170
     157
     155
     162
     148
     163
     139
     150
     139
     136
     145
     119
     162
     147
     141
     157
     142
     125
     118
     147
     143
     111
     137
     139
     137
     136
     150
     110
     136
     139
     119
     124
     132
     136
     130
     142
     127
     123
     121
     128
     109
     110
     129
     120
     132
     106
     109
     117
     119
      99
     122
     102
     112
     130
     102
     136
     125
     102
     115
     119
     116
     117
     101
     102
      83
     106
     105
     102
      98
     104
     101
      97
     106
      83
      89
      85
     123
      76
     105
      97
      92
     100
      74
      83
     102
      83
      76
      85
     110
      94
      86
      95
      96
      94
      91
     103
      78
      95
     109
      95
      75
     105
      88
      80
      96
      92
      84
     100
      81
      91
     108
      93
      95
     101
     101
     107
      90
      92
     104
      96
      96
     102
     129
     116
     104
     109
     123
     127
      95
     116
      99
     121
     128
     116
     116
     129
     116
     131
     144
     120
     134
     140
     133
     155
     155
     134
     148
     137
     144
     160
     152
     136
     139
     162
     174
     163
     163
     157
     157
     164
     166
     170
     155
     161
     181
     179
     197
     192
     194
     195
     198
     200
     187
     212
     171
     187
     202
     212
     207
     194
     237
     227
     208
     223
     205
     213
     242
     234
     209
     259
     271
     250
     260
     248
     258
     261
     252
     238
     285
     286
     264
     250
     290
     295
     249
     305
     279
     319
     309
     290
     280
     288
     332
     294
     327
     320
     268
     316
     272
     304
     341
     300
     305
     332
     333
     334
     357
     324
     355
     333
     339
     356
     325
     338
     311
     337
     298
     333
     333
     310
     346
     302
     324
     320
     360
     344
     283
     339
     352
     317
     332
     358
     321
     356
     324
     340
     295
     368
     327
     339
     291
     333
     289
     305
     269
     271
     286
     300
     287
     317
     310
     276
     298
     273
     289
     277
     273
     282
     265
     277
     272
     296
     265
     245
     249
     275
     246
     247
     247
     243
     255
     240
     222
     232
     234
     207
     211
     220
     196
     228
     232
     212
     200
     209
     229
     173
     184
     156
     187
     168
     179
     193
     166
     185
     170
     177
     175
     146
     133
     148
     148
     159
     136
     129
     129
     132
     144
     134
     133
     141
     123
     139
     120
     124
     133
     108
     112
     136
      99
     100
     116
     108
      94
      94
     108
      84
     100
     102
      94
      93
      87
      79
      89
      91
      78
      83
      88
      70
      68
      78
      84
      72
      87
      66
      75
      69
      76
      64
      65
      64
      75
      67
      71
      77
      47
      53
      57
      69
      57
      43
      50
      54
      50
      41
      50
      46
      45
      48
      54
      57
      49
      51
      53
      37
      50
      56
      49
      38
      46
      39
      26
      36
      40
      32
      32
      35
      30
      27
      24
      30
      32
      30
      34
      33
      26
      31
      30
      33
      29
      16
      28
      21
      29
      18
      26
      24
      24
      17
      31
      15
      13
      18
      19
      19
      19
      19
      21
      18
      13
      20
      29
      19
      15
      17
      13
      20
      22
      13
       8
      15
      18
       8
      14
      13
      14
      15
      13
      17
      20
      11
       7
      14
      15
      10
      11
      13
       8
      10
      13
       6
      19
      17
      13
      14
      13
      13
      15
      12
       7
      14
       7
      12
       8
       9
       8
       6
       9
      14
      12
       9
       9
      10
       8
       9
      10
       7
       6
      10
       9
       9
      10
       7
       7
      10
       6
       6
       5
      13
      14
       8
      11
       8
      11
       4
       5
       6
       6
      13
      10
      11
       8
       7
       5
       9
      12
       7
       3
      12
      14
      10
       7
       4
       8
       6
       6
       7
       8
       5
       6
       0
      10
       3
       6
       4
       4
       6
       4
       5
      11
       7
       1
       3
       8
       8
       9
       4
       5
      10
       7
       3
       8
      11
       7
       4
      11
       6
       4
       4
       7
       3
       7
       6
      10
       4
      13
       4
       6
       1
       9
       5
       5
       4
      10
       3
       8
       9
       1
       7
       4
       3
       3
       2
       7
       3
       1
       4
       7
       3
       2
       3
       1
       5
       2
       3
       4
       9
       4
       7
       2
       5
       2
       3
       5
       5
       4
       4
       3
       6
       8
       0
       5
       2
       3
       1
       4
       3
       1
       5
       6
       3
       5
       4
       4
       3
       3
       3
       5
       3
       2
       1
       4
       2
       2
       2
       3
       5
       3
       1
       2
       6
       1
       6
       2
       1
       2
       4
       6
       3
       6
       6
       3
       1
       5
       3
       6
       1
       1
       3
       3
       3
       2
       2
       1
       2
       5
       1
       1
       5
       3
       4
       4
       1
       3
       4
       2
       2
       3
       3
       1
       3
       3
       3
       1
       1
       3
       1
       4
       0
       0
       2
       3
       1
       1
       1
       5
       1
       2
       2
       2
       2
       3
       1
       3
       2
       1
       2
       1
       3
       4
       0
       1
       1
       1
       2
       2
       0
       0
       2
       0
       5
       1
       1
       2
       3
       1
       2
       0
       0
       0
       3
       0
       2
       0
       2
       0
       1
       3
       0
       5
       1
       0
       2
       1
       3
       2
       1
       1
       2
       2
       2
       3
       0
       1
       2
       0
       1
       0
       0
       2
       1
       1
       0
       1
       1
       2
       0
       0
       0
       2
       0
       1
       1
       0
       0
       0
       0
       3
       0
       1
       2
       3
       0
       1
       0
       0
       1
       3
       0
       4
       1
       0
       1
       1
       1
       1
       2
       1
       2
       1
       1
       0
       0
       1
       1
       0
       1
       0
       2
       0
       1
       0
       0
       0
       1
       0
       0
       0
       1
       1
       0
       1
       1
       0
       2
       0
       0
       3
       0
       1
       2
       1
       0
       2
       3
       2
       1
       0
       1
       0
       0
       1
       1
       1
       0
       1
       0
       0
       1
       1
       1
       1
       0
       0
       0
       0
       0
       0
       0
       0
       1
       1
       1
       0
       0
       0
       0
       1
       0
       1
       0
       0
       0
       0
       0
       2
       2
       1
       1
       1
       0
       0
       0
       0
       1
       1
       2
       2
       0
       0
       0
       1
       0
       3
       2
       0
       2
       1
       0
       1
       0
       1
       1
       0
       0
       0
       1
       1
       0
       1
       1
       1
       0
       2
       1
       0
       1
       1
       1
       2
       0
       1
       1
       0
       1
       0
       0
       3
       1
       0
       0
       1
       0
       0
       0
       1
       0
       0
       2
       0
       0
       0
       1
       0
       0
       0
       0
       1
       0
       1
       0
       1
       1
       1
       0
       0
       0
       1
       0
       0
       0
       0
       1
       1
       1
       0
       0
       1
       0
       1
       0
       0
       1
       1
       1
       1
       0
       1
       2
       1
       2
       0
       0
       0
       1
       0
       1
       1
       0
       0
       0
       0
       0
       0
       0
       1
       0
       1
       0
       0
       0
       0
       1
       1
       1
       0
       0
       1
       0
       1
       1
       0
       1
       0
       0
       0
       0
       0
       1
       0
       0
       0
       1
       0
       3
       1
       0
       1
       0
       0
       1
       1
       0
       2
       0
       0
       2
       0
       0
       0
       1
       0
       0
       1
       0
       0
       0
       0
       1
       0
       0
       0
       0
       0
       0
       0
       0
       3
       0
       0
       2
       0
       1
       1
       1
       1
       1
       0
       0
       2
       1
       0
       3
       0
       0
       0
       0
       1
       1
       0
       1
       2
       0
       0
       0
       0
       0
       0
       2
       2
       0
       0
       1
       0
       1
       1
       0
       1
       0
       0
       0
       3
       0
       2
       0
       1
       1
       0
       0
       0
       1
       0
       0
       0
       0
       0
       0
       0
       0
       2
       1
       1
       1
       1
       0
       2
       1
       2
       2
       0
       0
       0
       1
       0
       1
       1
       0
       0
       2
       0
       1
       1
       0
       0
       0
       0
       1
       0
       0
       0
       0
       0
       1
       1
       0
       0
       0
       1
       2
       0
       0
       0
       0
       1
       0
       0
       1
       0
       0
       2
       0
       1
       1
       0
       0
       0
       1
       0
       0
       0
       0
       1
       0
       0
       0
       1
       0
       1
       0
       0
       0
       0
       0
       0
       0
       0
       0
       0
       0
       2
       0
       2
       0
       1
       1
       0
       0
       1
       1
       1
       0
       0
       1
       0
       0
       0
       0
       0
       0
       0
       0
       0
       0
       1
       0
       1
       1
       1
       0
       0
       0
       0
       1
       0
       0
       0
       0
       0
       0
       0
       0
       0
       0
       1
       0
       1
       0
       0
       0
       0
       1
       0
       2
       0
       0
       0
       0
       0
       0
       1
       1
       1
       0
       0
       1
       0
       0
       0
       0
       0
       0
       1
       0
       0
       0
       2
       0
       0
       1
       0
       0
       0
       0
       1
       0
       1
       0
       0
       0
       1
       0
       1
       1
       1
       0
       0
       0
       2
       0
       0
       2
       0
       0
       0
       0
       0
       0
       0
       0
       0
       0
       1
       0
       1
       0
       0
       0
       0
       1
       1
       0
       0
       0
       0
       1
       0
       0
       0
       0
       0
       0
       0
       0
       0
       1
       0
       0
       0
       0
       0
       0
       0
       0
       0
       1
       0
       0
       0
       0
       1
       0
       2
       0
       0
       0
       0
       1
       0
       0
       0
       0
       1
       0
       1
       0
       0
       1
       0
       1
       0
       0
       0
       0
       0
       1
       1
       0
       1
       1
       0
       0
       0
       0
       0
       0
       1
       0
       0
       0
       0
       1
       0
       0
       0
       0
       1
       1
       0
       1
       0
       0
       0
       0
       0
       0
       0
       0
       1
       0
       1
       1
       0
       0
       2
       0
       0
       1
       0
       0
       1
       0
       0
       0
       0
       2
       1
       0
       0
       0
       1
       1
       0
       0
       0
       0
       0
       0
       0
       1
       0
       1
       1
       1
       0
       0
       0
       0
       0
       0
       1
       1
       0
       1
       0
       1
       1
       0
       0
       0
       0
       1
       0
       0
       0
       0
       0
       1
       1
       0
       0
       0
       0
       1
       0
       0
       0
       0
       1
       0
       0
       0
       2
       0
       0
       0
       0
       0
       0
       0
       0
       0
       0
       1
       0
       0
       0
       0
       0
       0
       1
       0
       0
       0
       0
       1
       1
       0
       0
       1
       0
       1
       0
       0
       0
       0
       0
       1
       1
       0
       0
       0
       3
       0
       0
       0
       0
       0
       0
       0
       0
       0
       0
       1
       0
       0
       0
       0
       0
       1
       0
       0
       0
       0
       0
       0
       0
       1
       0
       0
       2
       0
       1
       1
       0
       0
       1
       0
       0
       0
       0
       0
       0
       0
       0
       1
       0
       0
       0
       0
       0
       0
       0
       0
       1
       0
       0
       1
       0
       0
       0
       0
       0
       0
       0
       0
       0
       0
       0
       0
       1
       0
       1
       0
       0
       0
       0
       1
       0
       0
       0
       0
       1
       0
       0
       1
       0
       0
       0
       0
       0
       0
       0
       0
       0
       0
       0
       0
       0
       0
       0
       0
       0
       0
       1
       0
       0
       0
       0
       1
       0
       0
       0
       0
       0
       0
       0
       0
       0
       0
       0
       0
       0
       0
       0
       0
       0
       0
       0
       0
       0
       0
       0
       1
       0
       1
       0
       0
       0
       0
       0
       0
       0
       0
       0
       1
       0
       1
       0
       0
       0
       0
       1
       0
       0
       0
       1
       1
       0
       0
       0
       0
       0
       0
       0
       0
       0
       0
       0
       0
       0
       0
       1
       0
       0
       0
       0
       0
       0
       0
       0
       1
       0
       0
       1
       0
       1
       0
       0
       0
       0
       0
       1
       0
       0
       0
       0
       0
       0
       1
       0
       0
       0
       0
       0
       0
       0
       1
       0
       0
       0
       0
       0
       0
       0
       0
       0
       0
       0
       1
       0
       0
       0
       1
       0
       0
       0
       0
       1
       0
       0
       0
       0
       0
       0
       0
       0
       0
       1
       0
       0
       0
       0
       0
       0
       0
       0
       0
       0
       1
       0
       0
       0
       0
       0
       0
       0
       0
       0
       0
       0
       0
       0
       0
       0
       0
       0
       0
       0
       0
       0
       0
       0
       0
       0
       0
       0
       0
       0
       0
       0
       0
       0
$ROI:
0
$PRESETS:
None
0
0
$ENER_FIT:
0.000000 0.000000
$MCA_CAL:
3
0.000000E+000 0.000000E+000 0.000000E+000 
$SHAPE_CAL:
3
0.000000E+000 0.000000E+000 0.000000E+000
