$SPEC_ID:
No sample description was entered.
$SPEC_REM:
DET# 1
DETDESC# FP-COMPTON2 MCB 129
AP# Maestro Version 7.01
$DATE_MEA:
12/12/2024 18:23:47
$MEAS_TIM:
886 886
$DATA:
0 2047
       0
       0
       0
       0
       0
       0
       0
       0
       0
       0
       0
       1
       5
      11
       5
       3
       8
       1
       0
       6
       1
       3
       3
       1
       2
       1
       3
       2
       1
       1
       0
       3
       2
       1
       0
       1
       1
       1
       3
       0
       0
       0
       0
       1
       1
       1
       2
       1
       1
       1
       2
       2
       0
       3
       1
       1
       0
       1
       4
       0
       2
       2
       0
       0
       2
       2
       0
       1
       1
       2
       2
       2
       0
       0
       0
       2
       0
       0
       0
       2
       1
       1
       1
       0
       1
       0
       1
       2
       3
       4
       2
       2
       1
       0
       5
       3
       1
       2
       3
       0
       1
       3
       1
       1
       1
       0
       0
       2
       1
       1
       1
       3
       2
       2
       3
       2
       1
       2
       1
       4
       2
       3
       1
       0
       2
       1
       3
       1
       3
       3
       2
       3
       0
       1
       2
       3
       3
       3
       1
       1
       6
       3
       0
       3
       4
       5
       1
       2
       2
       1
       3
       3
       0
       3
       4
       1
       1
       2
       3
       2
       2
       1
       3
       2
       3
       1
       7
       2
       1
       4
       2
       5
       9
       1
       4
       0
       4
       1
       2
       3
       2
       1
       2
       1
       1
       4
       5
       3
       5
       0
       0
       2
       5
       3
       2
       3
       5
       3
       3
       1
       3
       2
       2
       3
       2
       5
       2
       1
       3
       1
       2
       1
       2
       4
       3
       4
       3
       4
       4
       6
       6
       3
       0
       3
       3
       5
       2
       2
       3
       7
       3
       1
       1
       1
       2
       1
       5
       2
       4
       4
       4
       1
       3
       0
       3
       3
       2
       5
       1
       3
       1
       4
       2
       5
       2
       1
       2
       2
       1
       5
       9
       5
       4
       8
       7
       4
       6
       1
       2
       0
       7
       6
       4
       3
       7
       8
       5
       4
       2
       3
       6
       1
       5
       3
       3
       5
       1
       0
       1
       3
       4
       6
       0
       3
       3
       1
       8
       4
       1
       5
       3
       3
       3
       2
       4
       3
       5
       2
       1
       2
       6
       6
       4
       4
       4
       3
       4
       3
       3
       5
       6
       2
       6
       5
       9
       6
       3
       6
       3
       4
       4
       7
       9
       9
       6
       6
       9
       6
       5
       6
       9
       3
       3
       6
       7
      12
      10
       7
       4
       6
       2
       6
       3
      10
       5
      12
      11
       8
       4
      13
       7
       8
      12
       9
      15
       9
      14
       8
      11
      11
       8
       7
       4
      12
      10
      13
      14
       7
       9
       7
       5
      15
       8
      14
      13
       7
       6
      10
      12
      16
      13
       5
      10
      17
      14
      11
      14
       9
       8
       8
      17
      12
       6
       9
      10
       8
       7
       9
      12
      14
      14
      14
      10
      10
      12
       5
      12
       7
       8
      11
       7
       9
      11
      13
       6
       7
       6
      13
       8
       8
       5
       8
       8
       7
       4
       8
       7
      12
       9
       7
       3
       8
       3
       4
       8
       7
       9
      10
       5
       6
       7
       6
       5
       3
       3
       6
       4
       5
       5
       6
       5
       6
       5
       5
       5
       4
       4
       3
       3
       5
       6
       4
       1
       3
       5
       7
       4
       4
       3
       4
       6
       0
       1
       3
       3
       2
       2
       3
       2
       3
       3
       5
       6
       0
       5
       4
       2
       1
       1
       6
       3
       1
       1
       0
       5
       2
       2
       3
       0
       4
       3
       4
       3
       1
       0
       1
       1
       0
       1
       3
       1
       1
       2
       1
       1
       1
       2
       1
       3
       0
       0
       2
       1
       0
       2
       3
       1
       0
       1
       1
       2
       0
       4
       2
       2
       0
       1
       1
       2
       1
       1
       1
       2
       2
       3
       0
       0
       1
       3
       1
       0
       2
       3
       1
       0
       3
       1
       1
       1
       0
       1
       1
       1
       3
       2
       0
       4
       1
       3
       3
       3
       4
       2
       0
       1
       2
       5
       2
       4
       0
       2
       0
       2
       3
       3
       1
       5
       5
       4
       1
       2
       4
       3
       2
       1
       0
       1
       6
       2
       2
       2
       2
       4
       2
       1
       3
       1
       2
       2
       3
       3
       4
       0
       1
       3
       4
       3
       4
       4
       2
       3
       2
       4
       1
       1
       3
       8
       6
       5
       8
       7
       7
       5
       6
       4
       5
       4
       8
       4
       3
       1
       6
       4
       2
       6
       6
       3
       6
       5
       3
       3
       0
       4
       4
       3
       3
       6
       2
       5
       1
       4
       4
       3
       5
       3
       6
       6
       2
       5
       4
       4
       3
       3
       3
       1
       3
       5
       5
       4
       2
       8
       2
       3
       0
       4
       4
       2
       3
       2
       1
       4
       2
       1
       3
       5
       4
       3
       1
       5
       2
       3
       4
       1
       1
       1
       2
       2
       2
       2
       3
       1
       1
       2
       3
       2
       3
       2
       4
       1
       4
       3
       2
       0
       0
       4
       3
       3
       1
       1
       0
       3
       0
       1
       0
       1
       3
       0
       3
       2
       2
       1
       3
       3
       1
       0
       0
       1
       0
       1
       1
       1
       1
       2
       1
       1
       3
       0
       2
       2
       0
       0
       0
       0
       0
       1
       1
       1
       1
       0
       1
       0
       2
       2
       0
       2
       0
       0
       1
       0
       0
       1
       2
       0
       1
       1
       1
       1
       0
       0
       1
       2
       1
       1
       2
       1
       0
       0
       0
       1
       1
       1
       1
       0
       1
       0
       1
       0
       1
       1
       1
       0
       1
       0
       1
       0
       0
       0
       1
       1
       0
       2
       1
       1
       1
       1
       0
       1
       1
       0
       2
       0
       1
       0
       0
       0
       0
       0
       1
       2
       1
       1
       1
       2
       0
       1
       1
       0
       0
       1
       1
       0
       0
       0
       0
       0
       1
       1
       2
       0
       1
       0
       0
       1
       0
       0
       0
       0
       1
       0
       1
       1
       2
       2
       1
       0
       0
       1
       0
       0
       0
       1
       1
       1
       0
       1
       1
       0
       2
       1
       0
       0
       0
       1
       0
       0
       1
       0
       3
       0
       0
       0
       0
       0
       0
       1
       0
       0
       0
       1
       0
       1
       0
       0
       0
       0
       0
       1
       1
       1
       1
       1
       1
       1
       0
       0
       0
       0
       0
       1
       0
       0
       0
       0
       0
       0
       1
       1
       0
       1
       1
       3
       0
       0
       0
       0
       0
       1
       1
       0
       0
       0
       0
       1
       1
       0
       0
       0
       0
       0
       0
       0
       0
       0
       0
       0
       0
       0
       0
       0
       0
       0
       0
       0
       0
       0
       1
       0
       0
       0
       0
       0
       0
       0
       0
       0
       0
       0
       0
       0
       0
       0
       0
       0
       0
       0
       0
       0
       0
       0
       0
       0
       0
       0
       0
       0
       0
       0
       0
       0
       0
       0
       0
       0
       0
       1
       0
       0
       0
       0
       0
       0
       0
       0
       0
       0
       0
       0
       0
       0
       0
       0
       0
       0
       0
       0
       0
       0
       0
       0
       0
       0
       0
       0
       0
       0
       0
       0
       0
       0
       1
       0
       0
       0
       0
       0
       0
       0
       0
       0
       0
       0
       0
       0
       0
       0
       0
       0
       0
       0
       0
       0
       0
       0
       0
       0
       0
       0
       0
       0
       0
       0
       0
       0
       0
       1
       0
       0
       1
       0
       0
       0
       0
       0
       0
       0
       0
       0
       0
       0
       0
       0
       0
       0
       0
       0
       0
       0
       0
       0
       0
       0
       0
       0
       0
       0
       0
       0
       0
       0
       0
       0
       0
       0
       0
       0
       0
       0
       0
       0
       0
       0
       0
       0
       0
       0
       0
       1
       0
       0
       0
       0
       0
       0
       0
       0
       0
       0
       0
       1
       0
       0
       0
       0
       0
       0
       0
       0
       0
       0
       0
       0
       0
       0
       0
       0
       0
       0
       0
       0
       0
       0
       0
       0
       0
       0
       0
       0
       0
       0
       0
       0
       0
       0
       0
       0
       0
       0
       0
       0
       0
       0
       0
       0
       0
       0
       0
       0
       0
       0
       0
       0
       0
       0
       0
       0
       0
       0
       0
       0
       0
       0
       0
       0
       0
       0
       0
       0
       0
       0
       0
       0
       0
       0
       0
       0
       0
       0
       0
       0
       0
       0
       0
       0
       0
       0
       0
       0
       0
       0
       0
       0
       0
       0
       0
       0
       0
       0
       0
       0
       0
       0
       0
       0
       0
       0
       0
       0
       0
       0
       0
       0
       0
       0
       0
       0
       0
       0
       0
       0
       0
       0
       0
       0
       0
       0
       0
       0
       0
       0
       0
       0
       0
       0
       0
       0
       0
       0
       0
       0
       0
       0
       0
       0
       0
       0
       0
       0
       0
       0
       0
       0
       0
       0
       0
       0
       0
       0
       0
       0
       0
       0
       0
       1
       0
       0
       0
       0
       0
       0
       0
       0
       0
       0
       0
       0
       0
       0
       0
       0
       0
       0
       0
       0
       0
       0
       0
       0
       0
       0
       0
       0
       0
       0
       0
       0
       0
       0
       0
       0
       0
       0
       0
       0
       0
       0
       0
       0
       0
       0
       0
       0
       0
       0
       0
       0
       0
       0
       0
       0
       0
       1
       0
       0
       0
       0
       0
       0
       0
       0
       0
       0
       0
       0
       0
       0
       0
       0
       0
       0
       0
       0
       0
       0
       0
       0
       0
       0
       0
       0
       0
       0
       0
       0
       0
       0
       0
       0
       0
       0
       0
       0
       0
       0
       0
       0
       0
       0
       0
       0
       0
       0
       0
       0
       0
       0
       0
       0
       0
       0
       0
       0
       0
       0
       0
       0
       0
       0
       0
       0
       0
       0
       0
       0
       0
       0
       0
       0
       0
       0
       0
       0
       0
       0
       0
       0
       0
       0
       0
       0
       0
       0
       0
       0
       0
       0
       0
       0
       0
       0
       0
       0
       0
       0
       0
       0
       0
       0
       0
       0
       0
       0
       0
       0
       0
       0
       0
       0
       0
       0
       0
       0
       0
       0
       0
       0
       0
       0
       0
       0
       0
       0
       0
       0
       0
       0
       0
       0
       0
       0
       0
       0
       0
       0
       0
       0
       0
       0
       0
       0
       0
       0
       0
       0
       0
       0
       0
       0
       0
       0
       0
       0
       0
       0
       0
       0
       0
       0
       0
       0
       0
       0
       0
       0
       0
       0
       0
       0
       0
       0
       0
       0
       0
       0
       0
       0
       0
       0
       0
       0
       0
       0
       0
       0
       0
       0
       0
       0
       0
       0
       0
       0
       0
       0
       0
       0
       0
       0
       0
       0
       0
       0
       0
       0
       0
       0
       0
       0
       0
       0
       0
       0
       0
       0
       0
       0
       0
       0
       0
       0
       0
       0
       0
       0
       0
       0
       0
       0
       0
       0
       0
       0
       0
       0
       0
       0
       0
       0
       0
       0
       0
       0
       0
       0
       0
       0
       0
       0
       0
       0
       0
       0
       0
       0
       0
       0
       0
       0
       0
       0
       0
       0
       0
       0
       0
       0
       0
       0
       0
       0
       0
       0
       0
       0
       0
       0
       0
       0
       0
       0
       0
       0
       0
       0
       0
       0
       0
       0
       0
       0
       0
       0
       0
       0
       0
       0
       0
       0
       0
       0
       0
       0
       0
       0
       0
       0
       0
       0
       0
       0
       0
       0
       0
       0
       0
       0
       0
       0
       0
       0
       0
       0
       0
       0
       0
       0
       0
       0
       0
       0
       0
       0
       0
       0
       0
       0
       0
       0
       0
       0
       0
       0
       0
       0
       0
       0
       0
       0
       0
       0
       0
       0
       0
       0
       0
       0
       0
       0
       0
       0
       0
       0
       0
       0
       0
       0
       0
       0
       0
       0
       0
       0
       0
       0
       0
       0
       0
       0
       0
       0
       0
       0
       0
       0
       0
       0
       0
       0
       0
       0
       0
       0
       0
       0
       0
       0
       0
       0
       0
       0
       0
       0
       0
       0
       0
       0
       0
       0
       0
       0
       0
       0
       0
       0
       0
       0
       0
       0
       0
       0
       0
       0
       0
       0
       0
       0
       0
       0
       0
       0
       0
       0
       0
       0
       0
       0
       0
       0
       0
       0
       0
       0
       0
       0
       0
       0
       0
       0
       0
       0
       0
       0
       0
       0
       0
       0
       0
       0
       0
       0
       0
       0
       0
       0
       0
       0
       0
       0
       0
       0
       0
       0
       0
       0
       0
       0
       0
       0
       0
       0
       0
       0
       0
       0
       0
       0
       0
       0
       0
       0
       0
       0
       0
       0
       0
       0
       0
       0
       0
       0
       0
       0
       0
       0
       0
       0
       0
       0
       0
       0
       0
       0
       0
       0
       0
       0
       0
       0
       0
       0
       0
       0
       0
       0
       0
       0
       0
       0
       0
       0
       0
       0
       0
       0
       0
       0
       0
       0
       0
       0
       0
       0
       0
       0
       0
       0
       0
       0
       0
       0
       0
       0
       0
       0
       0
       0
       0
       0
       0
       0
       0
       0
       0
       0
       0
       0
       0
       0
       0
       0
       0
       0
       0
       0
       0
       0
       0
       0
       0
       0
       0
       0
       0
       0
       0
       0
       0
       0
       0
       0
       0
       0
       0
       0
       0
       0
       0
       0
       0
       0
       0
       0
       0
       0
       0
       0
       0
       0
       0
       0
       0
       0
       0
       0
       0
       0
       0
       0
       0
       0
       0
       0
       0
       0
       0
       0
       0
       0
       0
       0
       0
       0
       0
       0
       0
       0
       0
       0
       0
       0
       0
       0
       0
       0
       0
       0
       0
       0
       0
       0
       0
       0
       0
       0
       0
       0
       0
       0
       0
$ROI:
0
$PRESETS:
None
0
0
$ENER_FIT:
0.000000 0.000000
$MCA_CAL:
3
0.000000E+000 0.000000E+000 0.000000E+000 
$SHAPE_CAL:
3
0.000000E+000 0.000000E+000 0.000000E+000
